# Start Year
   1
# End Year
  51
# Number of pops
 1
# Number of fleets
 1
# Number of surveys
 1
# Which pop caught by each fleet (fisheries then surveys,  each fleet catches only one pop)
 1  1
# Number of sexes
 2
# Number of age-classes
20
# Number of length-classes
71
# Start bin for length classes
 1
# Size of length bins
 1
# Age-specific selectivity (1=Yes;0=No)?
 1
# Weight-at-age account for selectivity?
 0
# Biological information (males then females)
#  Lmin, Lmax, K CVLmin, CVLMax: females then males
   11.394   11.394
   70.600   70.600
    0.176    0.176
    0.010    0.010
    0.010    0.010
# Weight-length relationship: intercept then slope
0.00000700 3.01800000
# Weight-at-age (Start-year) females then males
         0.090114079          0.515798078          1.394210517          2.705177312          4.333868432          6.109132981          7.836821341          9.327779712         10.997368622         12.214704664         13.518991271         14.913255529         15.645075736         16.400526327         17.179986187         17.983834303         18.812449769         18.812449769         19.666211782         19.666211782         19.666211782
         0.090114079          0.515798078          1.394210517          2.705177312          4.333868432          6.109132981          7.836821341          9.327779712         10.997368622         12.214704664         13.518991271         14.913255529         15.645075736         16.400526327         17.179986187         17.983834303         18.812449769         18.812449769         19.666211782         19.666211782         19.666211782
# Weight-at-age (Mid-year) females then males
         0.267900245          0.996654958          2.072385526          3.455628511          4.995364054          6.937054940          8.314588957          9.863957918         11.595356943         12.855789997         14.204686929         14.913255529         16.400526327         17.179986187         17.179986187         17.983834303         18.812449769         18.812449769         19.666211782         19.666211782         19.666211782
         0.267900245          0.996654958          2.072385526          3.455628511          4.995364054          6.937054940          8.314588957          9.863957918         11.595356943         12.855789997         14.204686929         14.913255529         16.400526327         17.179986187         17.179986187         17.983834303         18.812449769         18.812449769         19.666211782         19.666211782         19.666211782
# Maturity-at-age (only maturity)
 0.000000000  0.020940185  0.081992077  0.271654574  0.608996302  0.866739714  0.964489611  0.991260402  0.997893150  0.999494669  0.999878943  0.999971008  0.999993057  0.999998337  0.999999602  0.999999905  0.999999977  0.999999995  0.999999999  1.000000000  1.000000000
# Catch data
   1            0.00
   2            0.00
   3            0.00
   4            0.00
   5     83789057.69
   6    166103248.23
   7    245236272.12
   8    320148655.76
   9    390347895.29
  10    455732122.40
  11    516449386.43
  12    572790291.47
  13    625112683.99
  14    673788061.23
  15    719171845.68
  16    761589916.36
  17    801332638.30
  18    838654476.28
  19    873776887.84
  20    906892268.45
  21    938168345.15
  22    967752259.78
  23    995774045.89
  24   1022349471.50
  25   1047582322.64
  26   1071566217.61
  27   1094386049.21
  28   1116119138.42
  29   1136836167.73
  30   1156601947.13
  31   1175476052.73
  32   1193513367.28
  33   1210764544.22
  34   1227276410.83
  35   1243092321.79
  36   1258252471.83
  37   1272794173.79
  38   1261521673.67
  39   1245591487.99
  40   1237775180.24
  41   1234109649.55
  42   1232420563.14
  43   1231637065.03
  44   1231265370.63
  45   1231085682.32
  46   1230998108.79
  47   1230955303.14
  48   1230934395.81
  49   1230924209.90
  50   1230919254.86
  51   1230916846.12

# Abundance index data
# Number of indices
 1

# Indx_fleet: which pop matches with which fleet??
 2
# Index type determines the nature of the index: 1+ CPUE; -1 SSB; -2 Recruitment
 1
# Number of years for each index
 47
# The abundance data (series, year)

 1    5     8330023651.23 0.100
 1    6     6780894916.43 0.100
 1    7     7781310138.02 0.100
 1    8     8126216136.09 0.100
 1    9     7317394196.56 0.100
 1   10     7199833375.39 0.100
 1   11     7315623230.16 0.100
 1   12     6140379799.93 0.100
 1   13     6733873377.11 0.100
 1   14     7239100740.94 0.100
 1   15     5794730534.32 0.100
 1   16     6012440839.66 0.100
 1   17     5571200322.38 0.100
 1   18     5228743156.29 0.100
 1   19     6120253826.82 0.100
 1   20     5321463758.24 0.100
 1   21     4753658008.35 0.100
 1   22     4372199361.88 0.100
 1   23     4797117794.10 0.100
 1   24     5103078495.91 0.100
 1   25     4887623608.81 0.100
 1   26     4242443623.34 0.100
 1   27     4342811003.36 0.100
 1   28     4248139473.64 0.100
 1   29     3229957742.14 0.100
 1   30     4634119369.39 0.100
 1   31     3838640295.86 0.100
 1   32     4549005614.51 0.100
 1   33     3392676214.09 0.100
 1   34     3423952960.11 0.100
 1   35     4064285902.54 0.100
 1   36     3478520989.40 0.100
 1   37     2982444945.08 0.100
 1   38     3096352348.78 0.100
 1   39     3056617282.67 0.100
 1   40     3086688100.67 0.100
 1   41     2833429329.26 0.100
 1   42     4263423020.91 0.100
 1   43     3151915532.73 0.100
 1   44     3470340737.28 0.100
 1   45     3099909750.69 0.100
 1   46     3768330189.25 0.100
 1   47     3721985545.12 0.100
 1   48     3358019313.85 0.100
 1   49     3528929312.88 0.100
 1   50     3594756649.31 0.100
 1   51     2933353046.69 0.100

# Length-frequency data
# Number of fleets
 1
# lenf_fleets: 1=fishery, 2 = survey 
 1
# Length-types: outdated - just fill the space
 1
# Years of data
  1
# The actual data
 1   1  0   0.0000   0.0000 1.00000 1.00000 1.00000 1.00000 1.00000 1.00000 1.00000 1.00000 1.00000 1.00000 1.00000 1.00000 1.00000 1.00000 1.00000 1.00000 1.00000 1.00000 1.00000 1.00000 1.00000 1.00000 1.00000 1.00000 1.00000 1.00000 1.00000 1.00000 1.00000 1.00000 1.00000 1.00000 1.00000 1.00000 1.00000 1.00000 1.00000 1.00000 1.00000 1.00000 1.00000 1.00000 1.00000 1.00000 1.00000 1.00000 1.00000 1.00000 1.00000 1.00000 1.00000 1.00000 1.00000 1.00000 1.00000 1.00000 1.00000 1.00000 1.00000 1.00000 1.00000 1.00000 1.00000 1.00000 1.00000 1.00000 1.00000 1.00000 1.00000 1.00000 1.00000

# Age-frequency data
# Number of fleets
 2

# agef_fleet: 1= fishery, 2 = survey 
 1  2
# Age-types: outdated, just fill the space
 1 -3
# Years of data
 94  94
# The actual data
 1   5  1     100.0000     100.0000   0.00000000   0.00000000   0.00000000   0.02000000   0.06000000   0.20000000   0.23000000   0.15000000   0.13000000   0.07000000   0.03000000   0.03000000   0.05000000   0.01000000   0.01000000   0.00000000   0.00000000   0.00000000   0.00000000   0.00000000   0.01000000
 1   6  1     100.0000     100.0000   0.00000000   0.00000000   0.00000000   0.01000000   0.09000000   0.24000000   0.25000000   0.13000000   0.11000000   0.07000000   0.02000000   0.00000000   0.02000000   0.02000000   0.01000000   0.02000000   0.00000000   0.00000000   0.00000000   0.00000000   0.01000000
 1   7  1     100.0000     100.0000   0.00000000   0.01000000   0.01000000   0.01000000   0.13000000   0.30000000   0.18000000   0.06000000   0.11000000   0.06000000   0.02000000   0.03000000   0.03000000   0.01000000   0.01000000   0.01000000   0.00000000   0.01000000   0.00000000   0.01000000   0.00000000
 1   8  1     100.0000     100.0000   0.00000000   0.00000000   0.00000000   0.02000000   0.08000000   0.16000000   0.27000000   0.15000000   0.10000000   0.06000000   0.04000000   0.05000000   0.02000000   0.01000000   0.02000000   0.00000000   0.00000000   0.00000000   0.00000000   0.00000000   0.02000000
 1   9  1     100.0000     100.0000   0.00000000   0.00000000   0.00000000   0.02000000   0.11000000   0.11000000   0.23000000   0.22000000   0.04000000   0.10000000   0.07000000   0.03000000   0.04000000   0.01000000   0.00000000   0.02000000   0.00000000   0.00000000   0.00000000   0.00000000   0.00000000
 1  10  1     100.0000     100.0000   0.00000000   0.00000000   0.00000000   0.01000000   0.07000000   0.19000000   0.27000000   0.12000000   0.14000000   0.03000000   0.08000000   0.00000000   0.02000000   0.02000000   0.02000000   0.01000000   0.00000000   0.01000000   0.01000000   0.00000000   0.00000000
 1  11  1     100.0000     100.0000   0.00000000   0.00000000   0.00000000   0.03000000   0.05000000   0.17000000   0.19000000   0.19000000   0.19000000   0.05000000   0.02000000   0.04000000   0.02000000   0.02000000   0.01000000   0.01000000   0.01000000   0.00000000   0.00000000   0.00000000   0.00000000
 1  12  1     100.0000     100.0000   0.00000000   0.00000000   0.00000000   0.00000000   0.07000000   0.20000000   0.20000000   0.15000000   0.16000000   0.08000000   0.03000000   0.05000000   0.01000000   0.01000000   0.02000000   0.00000000   0.01000000   0.00000000   0.00000000   0.00000000   0.01000000
 1  13  1     100.0000     100.0000   0.00000000   0.00000000   0.00000000   0.01000000   0.09000000   0.26000000   0.17000000   0.14000000   0.17000000   0.05000000   0.02000000   0.04000000   0.03000000   0.01000000   0.00000000   0.00000000   0.01000000   0.00000000   0.00000000   0.00000000   0.00000000
 1  14  1     100.0000     100.0000   0.00000000   0.00000000   0.00000000   0.02000000   0.08000000   0.23000000   0.21000000   0.17000000   0.13000000   0.07000000   0.03000000   0.04000000   0.02000000   0.00000000   0.00000000   0.00000000   0.00000000   0.00000000   0.00000000   0.00000000   0.00000000
 1  15  1     100.0000     100.0000   0.00000000   0.00000000   0.01000000   0.01000000   0.11000000   0.18000000   0.22000000   0.18000000   0.11000000   0.07000000   0.03000000   0.03000000   0.02000000   0.01000000   0.01000000   0.00000000   0.00000000   0.01000000   0.00000000   0.00000000   0.00000000
 1  16  1     100.0000     100.0000   0.00000000   0.00000000   0.01000000   0.00000000   0.06000000   0.17000000   0.31000000   0.21000000   0.06000000   0.07000000   0.04000000   0.02000000   0.01000000   0.02000000   0.00000000   0.00000000   0.00000000   0.00000000   0.01000000   0.01000000   0.00000000
 1  17  1     100.0000     100.0000   0.00000000   0.00000000   0.01000000   0.00000000   0.05000000   0.26000000   0.23000000   0.21000000   0.07000000   0.06000000   0.06000000   0.00000000   0.01000000   0.01000000   0.00000000   0.02000000   0.00000000   0.00000000   0.01000000   0.00000000   0.00000000
 1  18  1     100.0000     100.0000   0.00000000   0.00000000   0.00000000   0.03000000   0.11000000   0.20000000   0.21000000   0.10000000   0.17000000   0.09000000   0.03000000   0.01000000   0.02000000   0.00000000   0.00000000   0.02000000   0.01000000   0.00000000   0.00000000   0.00000000   0.00000000
 1  19  1     100.0000     100.0000   0.00000000   0.00000000   0.00000000   0.03000000   0.09000000   0.22000000   0.21000000   0.18000000   0.12000000   0.03000000   0.05000000   0.03000000   0.02000000   0.01000000   0.01000000   0.00000000   0.00000000   0.00000000   0.00000000   0.00000000   0.00000000
 1  20  1     100.0000     100.0000   0.00000000   0.00000000   0.00000000   0.01000000   0.09000000   0.24000000   0.31000000   0.13000000   0.14000000   0.03000000   0.01000000   0.01000000   0.01000000   0.01000000   0.00000000   0.01000000   0.00000000   0.00000000   0.00000000   0.00000000   0.00000000
 1  21  1     100.0000     100.0000   0.00000000   0.00000000   0.00000000   0.00000000   0.09000000   0.22000000   0.29000000   0.17000000   0.11000000   0.08000000   0.01000000   0.02000000   0.00000000   0.00000000   0.00000000   0.00000000   0.00000000   0.00000000   0.00000000   0.01000000   0.00000000
 1  22  1     100.0000     100.0000   0.00000000   0.00000000   0.01000000   0.04000000   0.10000000   0.26000000   0.23000000   0.16000000   0.08000000   0.04000000   0.02000000   0.03000000   0.00000000   0.00000000   0.01000000   0.01000000   0.00000000   0.00000000   0.01000000   0.00000000   0.00000000
 1  23  1     100.0000     100.0000   0.00000000   0.01000000   0.01000000   0.00000000   0.07000000   0.27000000   0.24000000   0.28000000   0.04000000   0.02000000   0.04000000   0.00000000   0.00000000   0.00000000   0.02000000   0.00000000   0.00000000   0.00000000   0.00000000   0.00000000   0.00000000
 1  24  1     100.0000     100.0000   0.00000000   0.00000000   0.01000000   0.02000000   0.11000000   0.24000000   0.24000000   0.16000000   0.10000000   0.03000000   0.03000000   0.01000000   0.03000000   0.01000000   0.00000000   0.00000000   0.00000000   0.00000000   0.00000000   0.01000000   0.00000000
 1  25  1     100.0000     100.0000   0.00000000   0.00000000   0.02000000   0.04000000   0.06000000   0.29000000   0.23000000   0.15000000   0.04000000   0.07000000   0.06000000   0.01000000   0.01000000   0.02000000   0.00000000   0.00000000   0.00000000   0.00000000   0.00000000   0.00000000   0.00000000
 1  26  1     100.0000     100.0000   0.00000000   0.00000000   0.00000000   0.01000000   0.09000000   0.25000000   0.29000000   0.21000000   0.06000000   0.02000000   0.02000000   0.02000000   0.02000000   0.00000000   0.00000000   0.00000000   0.01000000   0.00000000   0.00000000   0.00000000   0.00000000
 1  27  1     100.0000     100.0000   0.00000000   0.00000000   0.00000000   0.04000000   0.11000000   0.26000000   0.28000000   0.14000000   0.10000000   0.06000000   0.00000000   0.00000000   0.01000000   0.00000000   0.00000000   0.00000000   0.00000000   0.00000000   0.00000000   0.00000000   0.00000000
 1  28  1     100.0000     100.0000   0.00000000   0.01000000   0.00000000   0.04000000   0.11000000   0.31000000   0.23000000   0.13000000   0.06000000   0.03000000   0.05000000   0.02000000   0.01000000   0.00000000   0.00000000   0.00000000   0.00000000   0.00000000   0.00000000   0.00000000   0.00000000
 1  29  1     100.0000     100.0000   0.00000000   0.00000000   0.00000000   0.01000000   0.11000000   0.29000000   0.19000000   0.18000000   0.06000000   0.08000000   0.02000000   0.03000000   0.01000000   0.00000000   0.01000000   0.00000000   0.00000000   0.01000000   0.00000000   0.00000000   0.00000000
 1  30  1     100.0000     100.0000   0.00000000   0.00000000   0.00000000   0.01000000   0.15000000   0.33000000   0.23000000   0.16000000   0.06000000   0.01000000   0.02000000   0.00000000   0.02000000   0.00000000   0.01000000   0.00000000   0.00000000   0.00000000   0.00000000   0.00000000   0.00000000
 1  31  1     100.0000     100.0000   0.00000000   0.00000000   0.00000000   0.01000000   0.07000000   0.30000000   0.28000000   0.18000000   0.06000000   0.02000000   0.03000000   0.03000000   0.00000000   0.01000000   0.00000000   0.00000000   0.01000000   0.00000000   0.00000000   0.00000000   0.00000000
 1  32  1     100.0000     100.0000   0.00000000   0.01000000   0.02000000   0.00000000   0.09000000   0.31000000   0.29000000   0.15000000   0.10000000   0.01000000   0.01000000   0.00000000   0.00000000   0.01000000   0.00000000   0.00000000   0.00000000   0.00000000   0.00000000   0.00000000   0.00000000
 1  33  1     100.0000     100.0000   0.00000000   0.00000000   0.01000000   0.04000000   0.14000000   0.27000000   0.29000000   0.11000000   0.04000000   0.05000000   0.04000000   0.00000000   0.01000000   0.00000000   0.00000000   0.00000000   0.00000000   0.00000000   0.00000000   0.00000000   0.00000000
 1  34  1     100.0000     100.0000   0.00000000   0.00000000   0.00000000   0.03000000   0.11000000   0.27000000   0.22000000   0.19000000   0.06000000   0.07000000   0.00000000   0.03000000   0.01000000   0.00000000   0.01000000   0.00000000   0.00000000   0.00000000   0.00000000   0.00000000   0.00000000
 1  35  1     100.0000     100.0000   0.00000000   0.00000000   0.00000000   0.01000000   0.10000000   0.32000000   0.29000000   0.15000000   0.05000000   0.02000000   0.03000000   0.02000000   0.00000000   0.01000000   0.00000000   0.00000000   0.00000000   0.00000000   0.00000000   0.00000000   0.00000000
 1  36  1     100.0000     100.0000   0.00000000   0.00000000   0.01000000   0.00000000   0.15000000   0.30000000   0.29000000   0.14000000   0.06000000   0.02000000   0.02000000   0.01000000   0.00000000   0.00000000   0.00000000   0.00000000   0.00000000   0.00000000   0.00000000   0.00000000   0.00000000
 1  37  1     100.0000     100.0000   0.00000000   0.00000000   0.01000000   0.04000000   0.09000000   0.30000000   0.29000000   0.13000000   0.07000000   0.04000000   0.02000000   0.01000000   0.00000000   0.00000000   0.00000000   0.00000000   0.00000000   0.00000000   0.00000000   0.00000000   0.00000000
 1  38  1     100.0000     100.0000   0.00000000   0.00000000   0.02000000   0.01000000   0.09000000   0.34000000   0.24000000   0.13000000   0.09000000   0.07000000   0.01000000   0.00000000   0.00000000   0.00000000   0.00000000   0.00000000   0.00000000   0.00000000   0.00000000   0.00000000   0.00000000
 1  39  1     100.0000     100.0000   0.00000000   0.00000000   0.00000000   0.02000000   0.06000000   0.27000000   0.33000000   0.18000000   0.08000000   0.04000000   0.01000000   0.00000000   0.00000000   0.01000000   0.00000000   0.00000000   0.00000000   0.00000000   0.00000000   0.00000000   0.00000000
 1  40  1     100.0000     100.0000   0.00000000   0.00000000   0.00000000   0.05000000   0.08000000   0.26000000   0.32000000   0.19000000   0.04000000   0.04000000   0.02000000   0.00000000   0.00000000   0.00000000   0.00000000   0.00000000   0.00000000   0.00000000   0.00000000   0.00000000   0.00000000
 1  41  1     100.0000     100.0000   0.00000000   0.00000000   0.01000000   0.01000000   0.10000000   0.27000000   0.34000000   0.16000000   0.07000000   0.04000000   0.00000000   0.00000000   0.00000000   0.00000000   0.00000000   0.00000000   0.00000000   0.00000000   0.00000000   0.00000000   0.00000000
 1  42  1     100.0000     100.0000   0.00000000   0.00000000   0.00000000   0.01000000   0.17000000   0.26000000   0.29000000   0.17000000   0.07000000   0.01000000   0.02000000   0.00000000   0.00000000   0.00000000   0.00000000   0.00000000   0.00000000   0.00000000   0.00000000   0.00000000   0.00000000
 1  43  1     100.0000     100.0000   0.00000000   0.00000000   0.01000000   0.02000000   0.12000000   0.35000000   0.29000000   0.12000000   0.02000000   0.04000000   0.02000000   0.01000000   0.00000000   0.00000000   0.00000000   0.00000000   0.00000000   0.00000000   0.00000000   0.00000000   0.00000000
 1  44  1     100.0000     100.0000   0.00000000   0.00000000   0.01000000   0.04000000   0.13000000   0.25000000   0.30000000   0.13000000   0.09000000   0.03000000   0.02000000   0.00000000   0.00000000   0.00000000   0.00000000   0.00000000   0.00000000   0.00000000   0.00000000   0.00000000   0.00000000
 1  45  1     100.0000     100.0000   0.00000000   0.00000000   0.00000000   0.04000000   0.15000000   0.32000000   0.29000000   0.12000000   0.04000000   0.02000000   0.00000000   0.01000000   0.01000000   0.00000000   0.00000000   0.00000000   0.00000000   0.00000000   0.00000000   0.00000000   0.00000000
 1  46  1     100.0000     100.0000   0.00000000   0.00000000   0.00000000   0.00000000   0.10000000   0.38000000   0.29000000   0.11000000   0.11000000   0.00000000   0.01000000   0.00000000   0.00000000   0.00000000   0.00000000   0.00000000   0.00000000   0.00000000   0.00000000   0.00000000   0.00000000
 1  47  1     100.0000     100.0000   0.00000000   0.00000000   0.00000000   0.01000000   0.09000000   0.37000000   0.24000000   0.16000000   0.12000000   0.00000000   0.00000000   0.01000000   0.00000000   0.00000000   0.00000000   0.00000000   0.00000000   0.00000000   0.00000000   0.00000000   0.00000000
 1  48  1     100.0000     100.0000   0.00000000   0.00000000   0.00000000   0.03000000   0.15000000   0.20000000   0.29000000   0.24000000   0.06000000   0.02000000   0.01000000   0.00000000   0.00000000   0.00000000   0.00000000   0.00000000   0.00000000   0.00000000   0.00000000   0.00000000   0.00000000
 1  49  1     100.0000     100.0000   0.00000000   0.00000000   0.03000000   0.03000000   0.13000000   0.29000000   0.32000000   0.11000000   0.05000000   0.01000000   0.02000000   0.01000000   0.00000000   0.00000000   0.00000000   0.00000000   0.00000000   0.00000000   0.00000000   0.00000000   0.00000000
 1  50  1     100.0000     100.0000   0.00000000   0.01000000   0.00000000   0.03000000   0.15000000   0.24000000   0.31000000   0.11000000   0.09000000   0.00000000   0.03000000   0.01000000   0.02000000   0.00000000   0.00000000   0.00000000   0.00000000   0.00000000   0.00000000   0.00000000   0.00000000
 1  51  1     100.0000     100.0000   0.00000000   0.00000000   0.00000000   0.00000000   0.14000000   0.33000000   0.26000000   0.16000000   0.05000000   0.03000000   0.02000000   0.01000000   0.00000000   0.00000000   0.00000000   0.00000000   0.00000000   0.00000000   0.00000000   0.00000000   0.00000000
 1   5  2     100.0000     100.0000   0.00000000   0.00000000   0.00000000   0.00000000   0.06000000   0.25000000   0.22000000   0.13000000   0.12000000   0.08000000   0.04000000   0.05000000   0.01000000   0.01000000   0.02000000   0.00000000   0.00000000   0.01000000   0.00000000   0.00000000   0.00000000
 1   6  2     100.0000     100.0000   0.00000000   0.00000000   0.00000000   0.01000000   0.06000000   0.13000000   0.24000000   0.19000000   0.16000000   0.02000000   0.04000000   0.04000000   0.05000000   0.00000000   0.03000000   0.00000000   0.01000000   0.00000000   0.01000000   0.00000000   0.01000000
 1   7  2     100.0000     100.0000   0.00000000   0.00000000   0.01000000   0.04000000   0.04000000   0.15000000   0.18000000   0.14000000   0.13000000   0.11000000   0.04000000   0.04000000   0.05000000   0.01000000   0.03000000   0.01000000   0.00000000   0.00000000   0.00000000   0.01000000   0.01000000
 1   8  2     100.0000     100.0000   0.00000000   0.00000000   0.00000000   0.02000000   0.10000000   0.17000000   0.26000000   0.13000000   0.10000000   0.08000000   0.03000000   0.04000000   0.01000000   0.00000000   0.03000000   0.00000000   0.01000000   0.01000000   0.01000000   0.00000000   0.00000000
 1   9  2     100.0000     100.0000   0.00000000   0.00000000   0.00000000   0.01000000   0.07000000   0.24000000   0.25000000   0.11000000   0.07000000   0.06000000   0.04000000   0.02000000   0.05000000   0.01000000   0.03000000   0.00000000   0.02000000   0.01000000   0.00000000   0.00000000   0.01000000
 1  10  2     100.0000     100.0000   0.00000000   0.00000000   0.01000000   0.02000000   0.04000000   0.16000000   0.25000000   0.16000000   0.11000000   0.13000000   0.03000000   0.00000000   0.03000000   0.01000000   0.02000000   0.00000000   0.00000000   0.01000000   0.00000000   0.02000000   0.00000000
 1  11  2     100.0000     100.0000   0.00000000   0.00000000   0.00000000   0.02000000   0.07000000   0.14000000   0.29000000   0.09000000   0.15000000   0.07000000   0.08000000   0.02000000   0.01000000   0.02000000   0.00000000   0.01000000   0.01000000   0.02000000   0.00000000   0.00000000   0.00000000
 1  12  2     100.0000     100.0000   0.00000000   0.00000000   0.00000000   0.01000000   0.07000000   0.25000000   0.16000000   0.15000000   0.11000000   0.10000000   0.03000000   0.05000000   0.03000000   0.01000000   0.02000000   0.00000000   0.00000000   0.00000000   0.00000000   0.01000000   0.00000000
 1  13  2     100.0000     100.0000   0.00000000   0.00000000   0.01000000   0.01000000   0.07000000   0.16000000   0.25000000   0.17000000   0.07000000   0.06000000   0.09000000   0.01000000   0.03000000   0.02000000   0.02000000   0.03000000   0.00000000   0.00000000   0.00000000   0.00000000   0.00000000
 1  14  2     100.0000     100.0000   0.00000000   0.00000000   0.00000000   0.02000000   0.03000000   0.21000000   0.28000000   0.18000000   0.09000000   0.07000000   0.04000000   0.04000000   0.00000000   0.01000000   0.01000000   0.00000000   0.00000000   0.01000000   0.00000000   0.00000000   0.01000000
 1  15  2     100.0000     100.0000   0.00000000   0.00000000   0.00000000   0.03000000   0.10000000   0.24000000   0.22000000   0.18000000   0.09000000   0.09000000   0.03000000   0.01000000   0.00000000   0.00000000   0.00000000   0.00000000   0.00000000   0.00000000   0.01000000   0.00000000   0.00000000
 1  16  2     100.0000     100.0000   0.00000000   0.00000000   0.00000000   0.04000000   0.04000000   0.22000000   0.33000000   0.18000000   0.07000000   0.02000000   0.05000000   0.01000000   0.01000000   0.02000000   0.00000000   0.00000000   0.00000000   0.00000000   0.00000000   0.00000000   0.01000000
 1  17  2     100.0000     100.0000   0.00000000   0.00000000   0.00000000   0.01000000   0.05000000   0.23000000   0.25000000   0.15000000   0.09000000   0.06000000   0.04000000   0.07000000   0.00000000   0.03000000   0.01000000   0.00000000   0.01000000   0.00000000   0.00000000   0.00000000   0.00000000
 1  18  2     100.0000     100.0000   0.00000000   0.00000000   0.00000000   0.02000000   0.05000000   0.22000000   0.29000000   0.18000000   0.13000000   0.02000000   0.05000000   0.00000000   0.01000000   0.00000000   0.02000000   0.01000000   0.00000000   0.00000000   0.00000000   0.00000000   0.00000000
 1  19  2     100.0000     100.0000   0.00000000   0.00000000   0.00000000   0.00000000   0.04000000   0.25000000   0.33000000   0.17000000   0.07000000   0.04000000   0.05000000   0.03000000   0.00000000   0.00000000   0.01000000   0.01000000   0.00000000   0.00000000   0.00000000   0.00000000   0.00000000
 1  20  2     100.0000     100.0000   0.00000000   0.01000000   0.00000000   0.05000000   0.09000000   0.18000000   0.25000000   0.19000000   0.08000000   0.04000000   0.02000000   0.04000000   0.01000000   0.00000000   0.00000000   0.01000000   0.02000000   0.00000000   0.00000000   0.00000000   0.01000000
 1  21  2     100.0000     100.0000   0.00000000   0.00000000   0.01000000   0.01000000   0.08000000   0.22000000   0.28000000   0.12000000   0.13000000   0.07000000   0.06000000   0.02000000   0.00000000   0.00000000   0.00000000   0.00000000   0.00000000   0.00000000   0.00000000   0.00000000   0.00000000
 1  22  2     100.0000     100.0000   0.00000000   0.00000000   0.00000000   0.03000000   0.09000000   0.25000000   0.35000000   0.12000000   0.04000000   0.04000000   0.02000000   0.03000000   0.01000000   0.01000000   0.01000000   0.00000000   0.00000000   0.00000000   0.00000000   0.00000000   0.00000000
 1  23  2     100.0000     100.0000   0.00000000   0.00000000   0.01000000   0.03000000   0.10000000   0.16000000   0.32000000   0.13000000   0.15000000   0.06000000   0.01000000   0.01000000   0.01000000   0.00000000   0.01000000   0.00000000   0.00000000   0.00000000   0.00000000   0.00000000   0.00000000
 1  24  2     100.0000     100.0000   0.00000000   0.00000000   0.01000000   0.01000000   0.10000000   0.29000000   0.21000000   0.18000000   0.13000000   0.03000000   0.01000000   0.01000000   0.01000000   0.01000000   0.00000000   0.00000000   0.00000000   0.00000000   0.00000000   0.00000000   0.00000000
 1  25  2     100.0000     100.0000   0.00000000   0.00000000   0.01000000   0.00000000   0.11000000   0.27000000   0.21000000   0.21000000   0.09000000   0.05000000   0.01000000   0.02000000   0.01000000   0.01000000   0.00000000   0.00000000   0.00000000   0.00000000   0.00000000   0.00000000   0.00000000
 1  26  2     100.0000     100.0000   0.00000000   0.00000000   0.01000000   0.00000000   0.10000000   0.29000000   0.24000000   0.22000000   0.05000000   0.04000000   0.03000000   0.02000000   0.00000000   0.00000000   0.00000000   0.00000000   0.00000000   0.00000000   0.00000000   0.00000000   0.00000000
 1  27  2     100.0000     100.0000   0.00000000   0.00000000   0.01000000   0.03000000   0.10000000   0.28000000   0.22000000   0.13000000   0.12000000   0.04000000   0.02000000   0.03000000   0.02000000   0.00000000   0.00000000   0.00000000   0.00000000   0.00000000   0.00000000   0.00000000   0.00000000
 1  28  2     100.0000     100.0000   0.00000000   0.00000000   0.01000000   0.00000000   0.08000000   0.27000000   0.26000000   0.18000000   0.10000000   0.04000000   0.02000000   0.02000000   0.01000000   0.00000000   0.01000000   0.00000000   0.00000000   0.00000000   0.00000000   0.00000000   0.00000000
 1  29  2     100.0000     100.0000   0.00000000   0.00000000   0.01000000   0.01000000   0.06000000   0.26000000   0.34000000   0.21000000   0.07000000   0.01000000   0.03000000   0.00000000   0.00000000   0.00000000   0.00000000   0.00000000   0.00000000   0.00000000   0.00000000   0.00000000   0.00000000
 1  30  2     100.0000     100.0000   0.00000000   0.00000000   0.01000000   0.02000000   0.07000000   0.29000000   0.25000000   0.15000000   0.09000000   0.07000000   0.04000000   0.01000000   0.00000000   0.00000000   0.00000000   0.00000000   0.00000000   0.00000000   0.00000000   0.00000000   0.00000000
 1  31  2     100.0000     100.0000   0.00000000   0.00000000   0.01000000   0.01000000   0.16000000   0.24000000   0.28000000   0.11000000   0.07000000   0.06000000   0.02000000   0.01000000   0.02000000   0.01000000   0.00000000   0.00000000   0.00000000   0.00000000   0.00000000   0.00000000   0.00000000
 1  32  2     100.0000     100.0000   0.00000000   0.00000000   0.02000000   0.00000000   0.18000000   0.24000000   0.24000000   0.15000000   0.07000000   0.06000000   0.03000000   0.01000000   0.00000000   0.00000000   0.00000000   0.00000000   0.00000000   0.00000000   0.00000000   0.00000000   0.00000000
 1  33  2     100.0000     100.0000   0.00000000   0.01000000   0.00000000   0.03000000   0.09000000   0.30000000   0.33000000   0.17000000   0.02000000   0.04000000   0.01000000   0.00000000   0.00000000   0.00000000   0.00000000   0.00000000   0.00000000   0.00000000   0.00000000   0.00000000   0.00000000
 1  34  2     100.0000     100.0000   0.00000000   0.00000000   0.00000000   0.01000000   0.12000000   0.30000000   0.26000000   0.15000000   0.10000000   0.01000000   0.02000000   0.01000000   0.01000000   0.00000000   0.01000000   0.00000000   0.00000000   0.00000000   0.00000000   0.00000000   0.00000000
 1  35  2     100.0000     100.0000   0.00000000   0.00000000   0.01000000   0.02000000   0.05000000   0.29000000   0.35000000   0.19000000   0.03000000   0.04000000   0.02000000   0.00000000   0.00000000   0.00000000   0.00000000   0.00000000   0.00000000   0.00000000   0.00000000   0.00000000   0.00000000
 1  36  2     100.0000     100.0000   0.00000000   0.00000000   0.01000000   0.04000000   0.08000000   0.35000000   0.32000000   0.08000000   0.03000000   0.05000000   0.01000000   0.03000000   0.00000000   0.00000000   0.00000000   0.00000000   0.00000000   0.00000000   0.00000000   0.00000000   0.00000000
 1  37  2     100.0000     100.0000   0.00000000   0.00000000   0.01000000   0.07000000   0.17000000   0.25000000   0.23000000   0.12000000   0.08000000   0.04000000   0.02000000   0.01000000   0.00000000   0.00000000   0.00000000   0.00000000   0.00000000   0.00000000   0.00000000   0.00000000   0.00000000
 1  38  2     100.0000     100.0000   0.00000000   0.00000000   0.01000000   0.01000000   0.07000000   0.25000000   0.34000000   0.15000000   0.11000000   0.03000000   0.02000000   0.01000000   0.00000000   0.00000000   0.00000000   0.00000000   0.00000000   0.00000000   0.00000000   0.00000000   0.00000000
 1  39  2     100.0000     100.0000   0.00000000   0.01000000   0.00000000   0.01000000   0.14000000   0.27000000   0.24000000   0.16000000   0.09000000   0.04000000   0.03000000   0.00000000   0.00000000   0.01000000   0.00000000   0.00000000   0.00000000   0.00000000   0.00000000   0.00000000   0.00000000
 1  40  2     100.0000     100.0000   0.00000000   0.00000000   0.00000000   0.01000000   0.10000000   0.24000000   0.40000000   0.15000000   0.06000000   0.02000000   0.00000000   0.01000000   0.00000000   0.00000000   0.01000000   0.00000000   0.00000000   0.00000000   0.00000000   0.00000000   0.00000000
 1  41  2     100.0000     100.0000   0.00000000   0.00000000   0.02000000   0.04000000   0.11000000   0.31000000   0.22000000   0.15000000   0.11000000   0.02000000   0.02000000   0.00000000   0.00000000   0.00000000   0.00000000   0.00000000   0.00000000   0.00000000   0.00000000   0.00000000   0.00000000
 1  42  2     100.0000     100.0000   0.00000000   0.00000000   0.00000000   0.02000000   0.09000000   0.26000000   0.38000000   0.15000000   0.05000000   0.03000000   0.01000000   0.00000000   0.01000000   0.00000000   0.00000000   0.00000000   0.00000000   0.00000000   0.00000000   0.00000000   0.00000000
 1  43  2     100.0000     100.0000   0.00000000   0.00000000   0.01000000   0.05000000   0.08000000   0.29000000   0.31000000   0.15000000   0.04000000   0.05000000   0.01000000   0.01000000   0.00000000   0.00000000   0.00000000   0.00000000   0.00000000   0.00000000   0.00000000   0.00000000   0.00000000
 1  44  2     100.0000     100.0000   0.00000000   0.00000000   0.00000000   0.04000000   0.15000000   0.31000000   0.32000000   0.11000000   0.06000000   0.00000000   0.01000000   0.00000000   0.00000000   0.00000000   0.00000000   0.00000000   0.00000000   0.00000000   0.00000000   0.00000000   0.00000000
 1  45  2     100.0000     100.0000   0.00000000   0.01000000   0.01000000   0.04000000   0.09000000   0.26000000   0.31000000   0.17000000   0.07000000   0.03000000   0.01000000   0.00000000   0.00000000   0.00000000   0.00000000   0.00000000   0.00000000   0.00000000   0.00000000   0.00000000   0.00000000
 1  46  2     100.0000     100.0000   0.00000000   0.00000000   0.00000000   0.04000000   0.10000000   0.24000000   0.31000000   0.21000000   0.06000000   0.02000000   0.02000000   0.00000000   0.00000000   0.00000000   0.00000000   0.00000000   0.00000000   0.00000000   0.00000000   0.00000000   0.00000000
 1  47  2     100.0000     100.0000   0.00000000   0.00000000   0.00000000   0.03000000   0.14000000   0.28000000   0.27000000   0.19000000   0.07000000   0.02000000   0.00000000   0.00000000   0.00000000   0.00000000   0.00000000   0.00000000   0.00000000   0.00000000   0.00000000   0.00000000   0.00000000
 1  48  2     100.0000     100.0000   0.00000000   0.00000000   0.00000000   0.04000000   0.16000000   0.23000000   0.30000000   0.13000000   0.12000000   0.00000000   0.02000000   0.00000000   0.00000000   0.00000000   0.00000000   0.00000000   0.00000000   0.00000000   0.00000000   0.00000000   0.00000000
 1  49  2     100.0000     100.0000   0.00000000   0.00000000   0.00000000   0.02000000   0.10000000   0.31000000   0.26000000   0.20000000   0.06000000   0.02000000   0.02000000   0.00000000   0.01000000   0.00000000   0.00000000   0.00000000   0.00000000   0.00000000   0.00000000   0.00000000   0.00000000
 1  50  2     100.0000     100.0000   0.00000000   0.00000000   0.03000000   0.01000000   0.14000000   0.31000000   0.23000000   0.12000000   0.12000000   0.03000000   0.00000000   0.01000000   0.00000000   0.00000000   0.00000000   0.00000000   0.00000000   0.00000000   0.00000000   0.00000000   0.00000000
 1  51  2     100.0000     100.0000   0.00000000   0.00000000   0.00000000   0.01000000   0.06000000   0.31000000   0.35000000   0.12000000   0.09000000   0.04000000   0.02000000   0.00000000   0.00000000   0.00000000   0.00000000   0.00000000   0.00000000   0.00000000   0.00000000   0.00000000   0.00000000
 2   5  1     100.0000     100.0000   0.00000000   0.00000000   0.01000000   0.04000000   0.11000000   0.15000000   0.23000000   0.19000000   0.10000000   0.06000000   0.03000000   0.02000000   0.01000000   0.02000000   0.01000000   0.00000000   0.01000000   0.00000000   0.00000000   0.00000000   0.01000000
 2   6  1     100.0000     100.0000   0.00000000   0.00000000   0.02000000   0.03000000   0.19000000   0.25000000   0.13000000   0.13000000   0.07000000   0.05000000   0.06000000   0.04000000   0.01000000   0.00000000   0.02000000   0.00000000   0.00000000   0.00000000   0.00000000   0.00000000   0.00000000
 2   7  1     100.0000     100.0000   0.00000000   0.00000000   0.02000000   0.02000000   0.13000000   0.17000000   0.19000000   0.11000000   0.11000000   0.09000000   0.04000000   0.03000000   0.04000000   0.01000000   0.04000000   0.00000000   0.00000000   0.00000000   0.00000000   0.00000000   0.00000000
 2   8  1     100.0000     100.0000   0.00000000   0.00000000   0.00000000   0.01000000   0.15000000   0.22000000   0.25000000   0.15000000   0.07000000   0.04000000   0.03000000   0.03000000   0.03000000   0.00000000   0.00000000   0.00000000   0.02000000   0.00000000   0.00000000   0.00000000   0.00000000
 2   9  1     100.0000     100.0000   0.01000000   0.00000000   0.01000000   0.02000000   0.09000000   0.22000000   0.13000000   0.18000000   0.10000000   0.08000000   0.05000000   0.05000000   0.01000000   0.02000000   0.02000000   0.00000000   0.01000000   0.00000000   0.00000000   0.00000000   0.00000000
 2  10  1     100.0000     100.0000   0.00000000   0.01000000   0.02000000   0.04000000   0.16000000   0.14000000   0.24000000   0.10000000   0.09000000   0.06000000   0.03000000   0.02000000   0.01000000   0.02000000   0.02000000   0.00000000   0.01000000   0.02000000   0.00000000   0.01000000   0.00000000
 2  11  1     100.0000     100.0000   0.00000000   0.00000000   0.00000000   0.02000000   0.13000000   0.23000000   0.28000000   0.08000000   0.07000000   0.04000000   0.05000000   0.05000000   0.02000000   0.02000000   0.00000000   0.01000000   0.00000000   0.00000000   0.00000000   0.00000000   0.00000000
 2  12  1     100.0000     100.0000   0.00000000   0.00000000   0.00000000   0.02000000   0.16000000   0.20000000   0.19000000   0.18000000   0.08000000   0.05000000   0.02000000   0.03000000   0.02000000   0.00000000   0.04000000   0.01000000   0.00000000   0.00000000   0.00000000   0.00000000   0.00000000
 2  13  1     100.0000     100.0000   0.00000000   0.01000000   0.02000000   0.04000000   0.15000000   0.24000000   0.26000000   0.12000000   0.04000000   0.04000000   0.03000000   0.02000000   0.01000000   0.00000000   0.00000000   0.01000000   0.00000000   0.00000000   0.00000000   0.00000000   0.01000000
 2  14  1     100.0000     100.0000   0.00000000   0.00000000   0.00000000   0.07000000   0.14000000   0.32000000   0.13000000   0.15000000   0.05000000   0.04000000   0.03000000   0.01000000   0.03000000   0.00000000   0.01000000   0.00000000   0.00000000   0.01000000   0.00000000   0.00000000   0.01000000
 2  15  1     100.0000     100.0000   0.00000000   0.00000000   0.03000000   0.07000000   0.13000000   0.27000000   0.18000000   0.13000000   0.08000000   0.02000000   0.04000000   0.03000000   0.01000000   0.00000000   0.00000000   0.00000000   0.00000000   0.00000000   0.01000000   0.00000000   0.00000000
 2  16  1     100.0000     100.0000   0.00000000   0.00000000   0.00000000   0.02000000   0.13000000   0.31000000   0.14000000   0.14000000   0.16000000   0.02000000   0.01000000   0.02000000   0.01000000   0.02000000   0.01000000   0.00000000   0.00000000   0.00000000   0.01000000   0.00000000   0.00000000
 2  17  1     100.0000     100.0000   0.00000000   0.00000000   0.01000000   0.05000000   0.22000000   0.18000000   0.29000000   0.09000000   0.03000000   0.04000000   0.06000000   0.01000000   0.01000000   0.00000000   0.01000000   0.00000000   0.00000000   0.00000000   0.00000000   0.00000000   0.00000000
 2  18  1     100.0000     100.0000   0.00000000   0.00000000   0.00000000   0.03000000   0.09000000   0.21000000   0.31000000   0.18000000   0.02000000   0.07000000   0.01000000   0.06000000   0.01000000   0.01000000   0.00000000   0.00000000   0.00000000   0.00000000   0.00000000   0.00000000   0.00000000
 2  19  1     100.0000     100.0000   0.01000000   0.00000000   0.00000000   0.01000000   0.17000000   0.22000000   0.26000000   0.11000000   0.09000000   0.03000000   0.02000000   0.01000000   0.02000000   0.02000000   0.00000000   0.02000000   0.00000000   0.00000000   0.00000000   0.00000000   0.01000000
 2  20  1     100.0000     100.0000   0.00000000   0.00000000   0.03000000   0.01000000   0.23000000   0.22000000   0.22000000   0.13000000   0.06000000   0.01000000   0.01000000   0.04000000   0.00000000   0.02000000   0.00000000   0.00000000   0.00000000   0.01000000   0.01000000   0.00000000   0.00000000
 2  21  1     100.0000     100.0000   0.00000000   0.00000000   0.00000000   0.05000000   0.23000000   0.29000000   0.13000000   0.14000000   0.07000000   0.03000000   0.02000000   0.00000000   0.02000000   0.02000000   0.00000000   0.00000000   0.00000000   0.00000000   0.00000000   0.00000000   0.00000000
 2  22  1     100.0000     100.0000   0.01000000   0.00000000   0.00000000   0.06000000   0.08000000   0.37000000   0.20000000   0.09000000   0.07000000   0.06000000   0.05000000   0.00000000   0.01000000   0.00000000   0.00000000   0.00000000   0.00000000   0.00000000   0.00000000   0.00000000   0.00000000
 2  23  1     100.0000     100.0000   0.00000000   0.00000000   0.02000000   0.05000000   0.20000000   0.18000000   0.29000000   0.12000000   0.08000000   0.02000000   0.01000000   0.01000000   0.01000000   0.00000000   0.00000000   0.01000000   0.00000000   0.00000000   0.00000000   0.00000000   0.00000000
 2  24  1     100.0000     100.0000   0.01000000   0.00000000   0.01000000   0.06000000   0.14000000   0.30000000   0.24000000   0.12000000   0.04000000   0.06000000   0.01000000   0.00000000   0.00000000   0.00000000   0.00000000   0.00000000   0.00000000   0.00000000   0.01000000   0.00000000   0.00000000
 2  25  1     100.0000     100.0000   0.00000000   0.00000000   0.01000000   0.05000000   0.22000000   0.30000000   0.16000000   0.08000000   0.07000000   0.05000000   0.02000000   0.01000000   0.01000000   0.02000000   0.00000000   0.00000000   0.00000000   0.00000000   0.00000000   0.00000000   0.00000000
 2  26  1     100.0000     100.0000   0.00000000   0.00000000   0.03000000   0.03000000   0.15000000   0.24000000   0.25000000   0.12000000   0.06000000   0.04000000   0.03000000   0.04000000   0.00000000   0.01000000   0.00000000   0.00000000   0.00000000   0.00000000   0.00000000   0.00000000   0.00000000
 2  27  1     100.0000     100.0000   0.00000000   0.00000000   0.01000000   0.07000000   0.20000000   0.29000000   0.25000000   0.10000000   0.05000000   0.00000000   0.01000000   0.01000000   0.00000000   0.00000000   0.00000000   0.00000000   0.00000000   0.00000000   0.00000000   0.00000000   0.01000000
 2  28  1     100.0000     100.0000   0.00000000   0.00000000   0.01000000   0.02000000   0.24000000   0.27000000   0.17000000   0.13000000   0.10000000   0.02000000   0.01000000   0.00000000   0.01000000   0.00000000   0.02000000   0.00000000   0.00000000   0.00000000   0.00000000   0.00000000   0.00000000
 2  29  1     100.0000     100.0000   0.00000000   0.00000000   0.01000000   0.08000000   0.14000000   0.25000000   0.22000000   0.17000000   0.07000000   0.03000000   0.02000000   0.01000000   0.00000000   0.00000000   0.00000000   0.00000000   0.00000000   0.00000000   0.00000000   0.00000000   0.00000000
 2  30  1     100.0000     100.0000   0.01000000   0.01000000   0.02000000   0.11000000   0.19000000   0.23000000   0.17000000   0.10000000   0.03000000   0.04000000   0.02000000   0.02000000   0.03000000   0.01000000   0.00000000   0.00000000   0.00000000   0.00000000   0.01000000   0.00000000   0.00000000
 2  31  1     100.0000     100.0000   0.00000000   0.00000000   0.03000000   0.03000000   0.20000000   0.24000000   0.27000000   0.09000000   0.09000000   0.02000000   0.02000000   0.00000000   0.01000000   0.00000000   0.00000000   0.00000000   0.00000000   0.00000000   0.00000000   0.00000000   0.00000000
 2  32  1     100.0000     100.0000   0.00000000   0.00000000   0.04000000   0.02000000   0.17000000   0.37000000   0.19000000   0.12000000   0.05000000   0.02000000   0.00000000   0.01000000   0.01000000   0.00000000   0.00000000   0.00000000   0.00000000   0.00000000   0.00000000   0.00000000   0.00000000
 2  33  1     100.0000     100.0000   0.00000000   0.01000000   0.01000000   0.06000000   0.19000000   0.29000000   0.22000000   0.16000000   0.02000000   0.02000000   0.01000000   0.00000000   0.00000000   0.00000000   0.00000000   0.00000000   0.01000000   0.00000000   0.00000000   0.00000000   0.00000000
 2  34  1     100.0000     100.0000   0.00000000   0.00000000   0.00000000   0.05000000   0.21000000   0.32000000   0.18000000   0.14000000   0.05000000   0.03000000   0.02000000   0.00000000   0.00000000   0.00000000   0.00000000   0.00000000   0.00000000   0.00000000   0.00000000   0.00000000   0.00000000
 2  35  1     100.0000     100.0000   0.00000000   0.00000000   0.01000000   0.01000000   0.29000000   0.29000000   0.27000000   0.10000000   0.03000000   0.00000000   0.00000000   0.00000000   0.00000000   0.00000000   0.00000000   0.00000000   0.00000000   0.00000000   0.00000000   0.00000000   0.00000000
 2  36  1     100.0000     100.0000   0.00000000   0.00000000   0.01000000   0.03000000   0.20000000   0.34000000   0.19000000   0.14000000   0.04000000   0.04000000   0.01000000   0.00000000   0.00000000   0.00000000   0.00000000   0.00000000   0.00000000   0.00000000   0.00000000   0.00000000   0.00000000
 2  37  1     100.0000     100.0000   0.00000000   0.01000000   0.03000000   0.04000000   0.20000000   0.38000000   0.18000000   0.09000000   0.05000000   0.02000000   0.00000000   0.00000000   0.00000000   0.00000000   0.00000000   0.00000000   0.00000000   0.00000000   0.00000000   0.00000000   0.00000000
 2  38  1     100.0000     100.0000   0.00000000   0.00000000   0.01000000   0.04000000   0.21000000   0.26000000   0.21000000   0.17000000   0.06000000   0.03000000   0.01000000   0.00000000   0.00000000   0.00000000   0.00000000   0.00000000   0.00000000   0.00000000   0.00000000   0.00000000   0.00000000
 2  39  1     100.0000     100.0000   0.00000000   0.00000000   0.01000000   0.08000000   0.16000000   0.37000000   0.19000000   0.08000000   0.07000000   0.02000000   0.02000000   0.00000000   0.00000000   0.00000000   0.00000000   0.00000000   0.00000000   0.00000000   0.00000000   0.00000000   0.00000000
 2  40  1     100.0000     100.0000   0.00000000   0.00000000   0.01000000   0.05000000   0.24000000   0.34000000   0.17000000   0.09000000   0.04000000   0.02000000   0.01000000   0.02000000   0.00000000   0.00000000   0.01000000   0.00000000   0.00000000   0.00000000   0.00000000   0.00000000   0.00000000
 2  41  1     100.0000     100.0000   0.00000000   0.00000000   0.02000000   0.06000000   0.19000000   0.38000000   0.16000000   0.12000000   0.04000000   0.00000000   0.02000000   0.01000000   0.00000000   0.00000000   0.00000000   0.00000000   0.00000000   0.00000000   0.00000000   0.00000000   0.00000000
 2  42  1     100.0000     100.0000   0.00000000   0.00000000   0.02000000   0.09000000   0.23000000   0.27000000   0.26000000   0.05000000   0.07000000   0.01000000   0.00000000   0.00000000   0.00000000   0.00000000   0.00000000   0.00000000   0.00000000   0.00000000   0.00000000   0.00000000   0.00000000
 2  43  1     100.0000     100.0000   0.00000000   0.00000000   0.01000000   0.07000000   0.21000000   0.38000000   0.14000000   0.12000000   0.03000000   0.01000000   0.01000000   0.00000000   0.02000000   0.00000000   0.00000000   0.00000000   0.00000000   0.00000000   0.00000000   0.00000000   0.00000000
 2  44  1     100.0000     100.0000   0.00000000   0.00000000   0.01000000   0.03000000   0.23000000   0.39000000   0.19000000   0.09000000   0.03000000   0.02000000   0.00000000   0.00000000   0.01000000   0.00000000   0.00000000   0.00000000   0.00000000   0.00000000   0.00000000   0.00000000   0.00000000
 2  45  1     100.0000     100.0000   0.00000000   0.00000000   0.04000000   0.02000000   0.22000000   0.39000000   0.13000000   0.14000000   0.05000000   0.00000000   0.00000000   0.01000000   0.00000000   0.00000000   0.00000000   0.00000000   0.00000000   0.00000000   0.00000000   0.00000000   0.00000000
 2  46  1     100.0000     100.0000   0.00000000   0.00000000   0.01000000   0.10000000   0.19000000   0.32000000   0.25000000   0.09000000   0.01000000   0.02000000   0.01000000   0.00000000   0.00000000   0.00000000   0.00000000   0.00000000   0.00000000   0.00000000   0.00000000   0.00000000   0.00000000
 2  47  1     100.0000     100.0000   0.00000000   0.01000000   0.01000000   0.05000000   0.24000000   0.36000000   0.22000000   0.09000000   0.02000000   0.00000000   0.00000000   0.00000000   0.00000000   0.00000000   0.00000000   0.00000000   0.00000000   0.00000000   0.00000000   0.00000000   0.00000000
 2  48  1     100.0000     100.0000   0.00000000   0.00000000   0.01000000   0.10000000   0.19000000   0.33000000   0.23000000   0.07000000   0.03000000   0.03000000   0.01000000   0.00000000   0.00000000   0.00000000   0.00000000   0.00000000   0.00000000   0.00000000   0.00000000   0.00000000   0.00000000
 2  49  1     100.0000     100.0000   0.00000000   0.00000000   0.00000000   0.06000000   0.19000000   0.36000000   0.18000000   0.11000000   0.07000000   0.01000000   0.01000000   0.01000000   0.00000000   0.00000000   0.00000000   0.00000000   0.00000000   0.00000000   0.00000000   0.00000000   0.00000000
 2  50  1     100.0000     100.0000   0.00000000   0.00000000   0.02000000   0.04000000   0.18000000   0.35000000   0.26000000   0.09000000   0.03000000   0.01000000   0.02000000   0.00000000   0.00000000   0.00000000   0.00000000   0.00000000   0.00000000   0.00000000   0.00000000   0.00000000   0.00000000
 2  51  1     100.0000     100.0000   0.00000000   0.01000000   0.00000000   0.04000000   0.24000000   0.38000000   0.18000000   0.11000000   0.02000000   0.01000000   0.00000000   0.00000000   0.01000000   0.00000000   0.00000000   0.00000000   0.00000000   0.00000000   0.00000000   0.00000000   0.00000000
 2   5  2     100.0000     100.0000   0.00000000   0.00000000   0.00000000   0.06000000   0.14000000   0.22000000   0.18000000   0.11000000   0.11000000   0.06000000   0.05000000   0.03000000   0.01000000   0.02000000   0.00000000   0.00000000   0.00000000   0.01000000   0.00000000   0.00000000   0.00000000
 2   6  2     100.0000     100.0000   0.00000000   0.01000000   0.01000000   0.01000000   0.17000000   0.18000000   0.22000000   0.10000000   0.11000000   0.08000000   0.01000000   0.02000000   0.06000000   0.01000000   0.00000000   0.01000000   0.00000000   0.00000000   0.00000000   0.00000000   0.00000000
 2   7  2     100.0000     100.0000   0.00000000   0.00000000   0.00000000   0.02000000   0.19000000   0.20000000   0.19000000   0.12000000   0.04000000   0.08000000   0.06000000   0.03000000   0.02000000   0.01000000   0.01000000   0.02000000   0.01000000   0.00000000   0.00000000   0.00000000   0.00000000
 2   8  2     100.0000     100.0000   0.00000000   0.00000000   0.00000000   0.01000000   0.14000000   0.24000000   0.17000000   0.14000000   0.08000000   0.04000000   0.08000000   0.03000000   0.01000000   0.01000000   0.02000000   0.00000000   0.00000000   0.01000000   0.01000000   0.00000000   0.01000000
 2   9  2     100.0000     100.0000   0.00000000   0.01000000   0.00000000   0.02000000   0.11000000   0.26000000   0.17000000   0.16000000   0.05000000   0.07000000   0.04000000   0.04000000   0.04000000   0.01000000   0.00000000   0.01000000   0.00000000   0.00000000   0.00000000   0.01000000   0.00000000
 2  10  2     100.0000     100.0000   0.00000000   0.00000000   0.00000000   0.02000000   0.13000000   0.23000000   0.24000000   0.12000000   0.10000000   0.07000000   0.03000000   0.02000000   0.02000000   0.00000000   0.01000000   0.01000000   0.00000000   0.00000000   0.00000000   0.00000000   0.00000000
 2  11  2     100.0000     100.0000   0.00000000   0.00000000   0.01000000   0.01000000   0.17000000   0.25000000   0.17000000   0.14000000   0.07000000   0.03000000   0.04000000   0.02000000   0.04000000   0.02000000   0.01000000   0.00000000   0.01000000   0.01000000   0.00000000   0.00000000   0.00000000
 2  12  2     100.0000     100.0000   0.00000000   0.00000000   0.03000000   0.06000000   0.15000000   0.20000000   0.22000000   0.10000000   0.05000000   0.05000000   0.02000000   0.01000000   0.04000000   0.04000000   0.00000000   0.01000000   0.00000000   0.01000000   0.00000000   0.01000000   0.00000000
 2  13  2     100.0000     100.0000   0.00000000   0.00000000   0.02000000   0.01000000   0.14000000   0.26000000   0.21000000   0.09000000   0.08000000   0.06000000   0.05000000   0.02000000   0.00000000   0.04000000   0.00000000   0.02000000   0.00000000   0.00000000   0.00000000   0.00000000   0.00000000
 2  14  2     100.0000     100.0000   0.00000000   0.00000000   0.01000000   0.07000000   0.14000000   0.31000000   0.12000000   0.14000000   0.03000000   0.03000000   0.05000000   0.03000000   0.01000000   0.03000000   0.02000000   0.00000000   0.01000000   0.00000000   0.00000000   0.00000000   0.00000000
 2  15  2     100.0000     100.0000   0.00000000   0.00000000   0.00000000   0.04000000   0.14000000   0.19000000   0.29000000   0.11000000   0.12000000   0.04000000   0.03000000   0.02000000   0.01000000   0.00000000   0.01000000   0.00000000   0.00000000   0.00000000   0.00000000   0.00000000   0.00000000
 2  16  2     100.0000     100.0000   0.00000000   0.00000000   0.01000000   0.03000000   0.14000000   0.27000000   0.26000000   0.11000000   0.04000000   0.02000000   0.03000000   0.01000000   0.01000000   0.03000000   0.01000000   0.00000000   0.01000000   0.00000000   0.00000000   0.01000000   0.01000000
 2  17  2     100.0000     100.0000   0.00000000   0.00000000   0.01000000   0.03000000   0.18000000   0.28000000   0.19000000   0.11000000   0.08000000   0.02000000   0.03000000   0.02000000   0.00000000   0.01000000   0.01000000   0.01000000   0.00000000   0.00000000   0.00000000   0.01000000   0.01000000
 2  18  2     100.0000     100.0000   0.00000000   0.01000000   0.01000000   0.00000000   0.15000000   0.34000000   0.15000000   0.10000000   0.11000000   0.03000000   0.03000000   0.03000000   0.00000000   0.01000000   0.02000000   0.01000000   0.00000000   0.00000000   0.00000000   0.00000000   0.00000000
 2  19  2     100.0000     100.0000   0.00000000   0.00000000   0.00000000   0.03000000   0.13000000   0.28000000   0.19000000   0.21000000   0.06000000   0.05000000   0.02000000   0.02000000   0.01000000   0.00000000   0.00000000   0.00000000   0.00000000   0.00000000   0.00000000   0.00000000   0.00000000
 2  20  2     100.0000     100.0000   0.00000000   0.00000000   0.00000000   0.03000000   0.14000000   0.31000000   0.21000000   0.10000000   0.03000000   0.09000000   0.02000000   0.03000000   0.03000000   0.00000000   0.00000000   0.00000000   0.01000000   0.00000000   0.00000000   0.00000000   0.00000000
 2  21  2     100.0000     100.0000   0.00000000   0.01000000   0.00000000   0.07000000   0.16000000   0.25000000   0.22000000   0.16000000   0.04000000   0.02000000   0.01000000   0.02000000   0.02000000   0.00000000   0.00000000   0.01000000   0.00000000   0.00000000   0.01000000   0.00000000   0.00000000
 2  22  2     100.0000     100.0000   0.00000000   0.00000000   0.02000000   0.02000000   0.21000000   0.30000000   0.20000000   0.13000000   0.06000000   0.03000000   0.02000000   0.00000000   0.01000000   0.00000000   0.00000000   0.00000000   0.00000000   0.00000000   0.00000000   0.00000000   0.00000000
 2  23  2     100.0000     100.0000   0.00000000   0.01000000   0.00000000   0.02000000   0.19000000   0.29000000   0.32000000   0.09000000   0.05000000   0.01000000   0.01000000   0.01000000   0.00000000   0.00000000   0.00000000   0.00000000   0.00000000   0.00000000   0.00000000   0.00000000   0.00000000
 2  24  2     100.0000     100.0000   0.00000000   0.00000000   0.00000000   0.02000000   0.20000000   0.33000000   0.22000000   0.09000000   0.06000000   0.02000000   0.02000000   0.01000000   0.02000000   0.01000000   0.00000000   0.00000000   0.00000000   0.00000000   0.00000000   0.00000000   0.00000000
 2  25  2     100.0000     100.0000   0.00000000   0.00000000   0.01000000   0.07000000   0.18000000   0.27000000   0.21000000   0.12000000   0.08000000   0.01000000   0.00000000   0.00000000   0.01000000   0.02000000   0.02000000   0.00000000   0.00000000   0.00000000   0.00000000   0.00000000   0.00000000
 2  26  2     100.0000     100.0000   0.00000000   0.00000000   0.00000000   0.04000000   0.25000000   0.30000000   0.14000000   0.11000000   0.09000000   0.02000000   0.02000000   0.03000000   0.00000000   0.00000000   0.00000000   0.00000000   0.00000000   0.00000000   0.00000000   0.00000000   0.00000000
 2  27  2     100.0000     100.0000   0.00000000   0.01000000   0.01000000   0.07000000   0.21000000   0.22000000   0.19000000   0.17000000   0.03000000   0.05000000   0.02000000   0.00000000   0.00000000   0.01000000   0.01000000   0.00000000   0.00000000   0.00000000   0.00000000   0.00000000   0.00000000
 2  28  2     100.0000     100.0000   0.00000000   0.00000000   0.00000000   0.05000000   0.15000000   0.35000000   0.19000000   0.10000000   0.07000000   0.03000000   0.03000000   0.03000000   0.00000000   0.00000000   0.00000000   0.00000000   0.00000000   0.00000000   0.00000000   0.00000000   0.00000000
 2  29  2     100.0000     100.0000   0.00000000   0.00000000   0.01000000   0.12000000   0.16000000   0.29000000   0.23000000   0.08000000   0.05000000   0.04000000   0.01000000   0.00000000   0.00000000   0.01000000   0.00000000   0.00000000   0.00000000   0.00000000   0.00000000   0.00000000   0.00000000
 2  30  2     100.0000     100.0000   0.00000000   0.00000000   0.01000000   0.05000000   0.19000000   0.34000000   0.19000000   0.08000000   0.08000000   0.01000000   0.02000000   0.02000000   0.00000000   0.01000000   0.00000000   0.00000000   0.00000000   0.00000000   0.00000000   0.00000000   0.00000000
 2  31  2     100.0000     100.0000   0.00000000   0.01000000   0.04000000   0.04000000   0.10000000   0.38000000   0.23000000   0.10000000   0.06000000   0.03000000   0.00000000   0.01000000   0.00000000   0.00000000   0.00000000   0.00000000   0.00000000   0.00000000   0.00000000   0.00000000   0.00000000
 2  32  2     100.0000     100.0000   0.00000000   0.00000000   0.00000000   0.05000000   0.19000000   0.28000000   0.28000000   0.14000000   0.02000000   0.03000000   0.00000000   0.00000000   0.00000000   0.00000000   0.00000000   0.01000000   0.00000000   0.00000000   0.00000000   0.00000000   0.00000000
 2  33  2     100.0000     100.0000   0.00000000   0.00000000   0.02000000   0.07000000   0.19000000   0.29000000   0.20000000   0.12000000   0.04000000   0.03000000   0.02000000   0.02000000   0.00000000   0.00000000   0.00000000   0.00000000   0.00000000   0.00000000   0.00000000   0.00000000   0.00000000
 2  34  2     100.0000     100.0000   0.00000000   0.00000000   0.02000000   0.07000000   0.21000000   0.32000000   0.17000000   0.15000000   0.04000000   0.00000000   0.02000000   0.00000000   0.00000000   0.00000000   0.00000000   0.00000000   0.00000000   0.00000000   0.00000000   0.00000000   0.00000000
 2  35  2     100.0000     100.0000   0.00000000   0.00000000   0.02000000   0.05000000   0.17000000   0.37000000   0.19000000   0.10000000   0.05000000   0.04000000   0.00000000   0.00000000   0.01000000   0.00000000   0.00000000   0.00000000   0.00000000   0.00000000   0.00000000   0.00000000   0.00000000
 2  36  2     100.0000     100.0000   0.00000000   0.00000000   0.02000000   0.06000000   0.13000000   0.35000000   0.25000000   0.14000000   0.01000000   0.01000000   0.02000000   0.00000000   0.00000000   0.00000000   0.00000000   0.01000000   0.00000000   0.00000000   0.00000000   0.00000000   0.00000000
 2  37  2     100.0000     100.0000   0.00000000   0.00000000   0.00000000   0.06000000   0.19000000   0.32000000   0.25000000   0.13000000   0.00000000   0.03000000   0.00000000   0.00000000   0.01000000   0.00000000   0.01000000   0.00000000   0.00000000   0.00000000   0.00000000   0.00000000   0.00000000
 2  38  2     100.0000     100.0000   0.00000000   0.00000000   0.01000000   0.05000000   0.18000000   0.35000000   0.25000000   0.10000000   0.03000000   0.02000000   0.00000000   0.01000000   0.00000000   0.00000000   0.00000000   0.00000000   0.00000000   0.00000000   0.00000000   0.00000000   0.00000000
 2  39  2     100.0000     100.0000   0.00000000   0.00000000   0.03000000   0.05000000   0.22000000   0.37000000   0.20000000   0.08000000   0.02000000   0.02000000   0.00000000   0.01000000   0.00000000   0.00000000   0.00000000   0.00000000   0.00000000   0.00000000   0.00000000   0.00000000   0.00000000
 2  40  2     100.0000     100.0000   0.00000000   0.00000000   0.00000000   0.08000000   0.26000000   0.32000000   0.20000000   0.07000000   0.02000000   0.03000000   0.01000000   0.00000000   0.00000000   0.01000000   0.00000000   0.00000000   0.00000000   0.00000000   0.00000000   0.00000000   0.00000000
 2  41  2     100.0000     100.0000   0.00000000   0.00000000   0.01000000   0.05000000   0.18000000   0.32000000   0.17000000   0.14000000   0.08000000   0.03000000   0.02000000   0.00000000   0.00000000   0.00000000   0.00000000   0.00000000   0.00000000   0.00000000   0.00000000   0.00000000   0.00000000
 2  42  2     100.0000     100.0000   0.00000000   0.00000000   0.01000000   0.07000000   0.17000000   0.41000000   0.19000000   0.08000000   0.05000000   0.02000000   0.00000000   0.00000000   0.00000000   0.00000000   0.00000000   0.00000000   0.00000000   0.00000000   0.00000000   0.00000000   0.00000000
 2  43  2     100.0000     100.0000   0.00000000   0.00000000   0.00000000   0.04000000   0.23000000   0.39000000   0.17000000   0.08000000   0.06000000   0.01000000   0.02000000   0.00000000   0.00000000   0.00000000   0.00000000   0.00000000   0.00000000   0.00000000   0.00000000   0.00000000   0.00000000
 2  44  2     100.0000     100.0000   0.00000000   0.00000000   0.00000000   0.05000000   0.30000000   0.30000000   0.18000000   0.09000000   0.05000000   0.02000000   0.01000000   0.00000000   0.00000000   0.00000000   0.00000000   0.00000000   0.00000000   0.00000000   0.00000000   0.00000000   0.00000000
 2  45  2     100.0000     100.0000   0.00000000   0.00000000   0.00000000   0.04000000   0.18000000   0.37000000   0.21000000   0.11000000   0.06000000   0.00000000   0.02000000   0.00000000   0.01000000   0.00000000   0.00000000   0.00000000   0.00000000   0.00000000   0.00000000   0.00000000   0.00000000
 2  46  2     100.0000     100.0000   0.00000000   0.01000000   0.00000000   0.09000000   0.20000000   0.26000000   0.24000000   0.14000000   0.03000000   0.03000000   0.00000000   0.00000000   0.00000000   0.00000000   0.00000000   0.00000000   0.00000000   0.00000000   0.00000000   0.00000000   0.00000000
 2  47  2     100.0000     100.0000   0.00000000   0.00000000   0.03000000   0.12000000   0.19000000   0.30000000   0.22000000   0.08000000   0.03000000   0.03000000   0.00000000   0.00000000   0.00000000   0.00000000   0.00000000   0.00000000   0.00000000   0.00000000   0.00000000   0.00000000   0.00000000
 2  48  2     100.0000     100.0000   0.00000000   0.00000000   0.01000000   0.10000000   0.24000000   0.28000000   0.22000000   0.06000000   0.03000000   0.02000000   0.04000000   0.00000000   0.00000000   0.00000000   0.00000000   0.00000000   0.00000000   0.00000000   0.00000000   0.00000000   0.00000000
 2  49  2     100.0000     100.0000   0.00000000   0.00000000   0.02000000   0.04000000   0.24000000   0.27000000   0.21000000   0.15000000   0.03000000   0.03000000   0.01000000   0.00000000   0.00000000   0.00000000   0.00000000   0.00000000   0.00000000   0.00000000   0.00000000   0.00000000   0.00000000
 2  50  2     100.0000     100.0000   0.00000000   0.00000000   0.03000000   0.08000000   0.12000000   0.36000000   0.22000000   0.13000000   0.04000000   0.00000000   0.01000000   0.01000000   0.00000000   0.00000000   0.00000000   0.00000000   0.00000000   0.00000000   0.00000000   0.00000000   0.00000000
 2  51  2     100.0000     100.0000   0.00000000   0.01000000   0.01000000   0.04000000   0.24000000   0.37000000   0.18000000   0.09000000   0.03000000   0.01000000   0.01000000   0.00000000   0.00000000   0.00000000   0.00000000   0.00000000   0.01000000   0.00000000   0.00000000   0.00000000   0.00000000


# End of file
999
