68786 68786 93641 80316 61280 47987 45545 52552 78074 71801 10355 56773 92750 46978 75486 15160 44030 14924 13145 15080 78880 34730 94199 65312 28788 20710 48552 24151 22052 29442 19678 43612 96188 40205 7222 35253 17672 58517 31444 75333 28131 98353 39239 24973 27549 89012 92307 62911 42427 77334 52309 40542 26756 648 66949 3143 49379 31889 93829 40720 60515 58970 60059 29894 40279 74227 3313 4277 65566 97993 12576 35439 57012 16232 12429 66806 80287 63851 81233 5137 67409 69854 3863 76412 25387 47798 25383 22485 23413 42009 16251 77588 8670 81412 98927 11868 1961 91954 10045 3772
49219 49219 58344 23015 4065 75039 12298 24351 31692 56552 92281 86313 99027 64899 81978 24375 631 1286 48262 33372 29071 20769 6978 75948 26992 30784 49383 38220 80530 61724 56633 63199 45808 68356 1407 96374 9995 37184 75202 77435 79245 91788 94055 72847 97997 88405 91305 32163 45715 5220 47640 57669 76171 88624 71985 1165 25514 95021 57065 53284 82790 57821 34655 68021 23672 48819 41960 54347 34207 72659 74319 5238 50860 8196 73397 17924 20469 49282 63624 93661 58583 23133 53416 28692 57273 50648 26751 39177 60271 98455 64271 4477 7633 72189 48813 85137 88225 20830 63798 14987
34511 34511 11301 56616 71155 93584 39468 83140 30663 8968 81945 78082 8621 80945 56639 77185 60452 37901 52316 9491 63952 37208 11137 90329 5092 43859 697 16477 9631 76002 2143 70228 34831 87121 62604 95461 16714 24253 70741 51436 43711 83605 75823 97466 57475 64957 55924 48028 56410 70361 9209 44741 28863 10982 69322 30097 44640 3797 56080 23073 42229 3677 74063 63022 53802 78072 45152 52890 50679 91011 78715 78129 837 92729 14834 46880 72859 229 3891 39118 19098 16720 81564 98171 57835 99539 72151 16440 66933 43557 19326 25191 44546 97125 56097 88849 43292 38609 34845 19257
99503 99503 14454 42577 38941 44767 84459 95378 82247 15850 11760 16532 80250 76884 18610 56264 42268 25733 47837 14170 95238 32522 45831 15892 28908 23525 77436 58945 27019 47424 59343 25658 71741 17004 59542 43889 48142 91816 4253 29205 36314 72270 54880 61441 25537 43435 39120 22361 31560 21155 36254 860 13431 6307 17538 47914 4850 12507 20627 5035 27814 23506 50573 31052 74841 90276 52765 57464 31285 91469 44823 11220 67242 9479 1167 2249 86055 54870 41028 42152 67651 76515 41177 96831 513 91774 65514 42526 69242 22223 58764 91148 74767 97886 91886 31778 70711 40608 595 23085
69524 69524 98908 68042 54952 44973 33804 11191 22639 86129 30650 51505 75471 61575 20791 25607 238 81020 52770 63328 93944 60989 72638 78482 72971 581 90011 81750 92912 82062 82677 99280 66034 83680 951 89901 65220 72157 64674 80544 28451 91306 14230 23316 94674 88167 96901 99848 80471 71298 10086 48867 99118 29269 75352 26925 34305 51757 14482 93116 5731 561 72393 12656 25439 87105 86865 22328 67033 50035 22558 47517 48153 95577 38819 28115 92014 50453 97922 81536 81790 49241 23394 46863 95948 24913 76896 68713 40199 40701 99218 52430 15588 89520 29818 12135 44338 92775 57537 76806
1070 1070 81717 11455 39862 23184 75254 56166 55234 78744 92747 12922 64535 34333 14360 908 52194 96224 2740 28434 51533 78950 7926 55247 3144 79639 73888 6016 49488 11988 83371 78474 62260 18315 79622 80793 19515 83049 25050 72760 73214 97394 80293 35812 89420 27846 67508 84096 63161 79479 35901 98526 29076 69430 34224 92506 91248 8049 60799 23774 59321 49674 16396 1398 84808 41687 49604 92530 51507 71891 13339 64283 21935 65594 63726 35878 98340 84470 83462 58493 65000 71105 58190 42677 64811 18220 70936 53591 27719 25671 33387 62004 86187 24674 86073 94348 34502 62369 63303 71258
34500 34500 47166 13271 85334 39002 90228 89839 56040 71340 62359 74044 17773 4643 88272 3145 96516 78918 668 91884 35185 11528 37414 71913 35793 73723 70935 75444 60775 24451 13542 44912 93676 31934 57110 28875 89113 19888 44075 52610 6587 17935 54973 49908 27045 97870 77232 64324 36883 42327 58510 33080 5601 3265 58454 65362 35341 70861 37793 72410 79093 89215 93528 88542 28238 19223 11156 91999 19522 15341 69056 92328 29811 36542 59379 55934 34501 32406 5991 92010 76446 70288 86262 82755 55861 50004 17669 22153 53434 88327 18986 86080 59892 70400 84593 10583 12610 56727 68049 24873
17204 17204 47015 9968 32819 66333 13819 95129 28996 23517 41316 89698 33934 79369 54851 23544 21022 46600 53726 35436 95606 33280 42171 88834 7529 67656 38333 82433 6011 64368 66550 33472 32845 34755 90542 51855 75123 72827 61467 89051 11784 38274 28269 85619 51568 85248 27550 65813 67184 60261 20920 24104 55954 89814 63689 9873 93277 61814 79410 81486 66290 76067 45048 28265 4322 71137 1147 82594 45218 31646 56806 4291 81586 19123 98931 37364 44375 86252 69438 30700 38952 77965 39550 24487 63067 10428 40793 49353 40452 18690 12630 65969 90585 37325 50730 30827 39206 69531 24061 57586
94929 94929 59856 89832 11548 23017 84404 14951 31967 59246 59306 86124 76031 31346 92702 6012 49760 28433 43242 5178 66706 49945 26717 71101 75621 34672 28384 58537 57429 49119 1068 56354 36802 99673 86710 14248 40752 5461 37660 69799 16711 51820 96057 72848 32194 18875 3553 56050 33959 70736 43075 9772 37778 87819 94087 39073 53804 90634 95882 11399 73509 56900 8563 72374 70314 33829 31772 61850 19518 65563 38536 21036 48107 30345 67969 51353 93306 28327 75474 13325 88490 6134 75751 43109 79517 13481 84342 39716 14483 78394 17135 93938 40240 21636 38951 42641 49519 75151 92068 9542
24918 24918 63574 76455 28930 68935 62864 72054 48980 77473 46102 31901 50219 1456 34206 53162 65472 5957 49518 20929 68173 87830 99963 79907 15222 68201 13179 31861 24746 421 19336 66736 47666 8450 65157 52109 15347 85033 74730 22239 83372 40650 10768 81688 20846 65977 23764 69397 21313 20132 68070 54415 45698 47106 72726 23225 7907 7583 85969 1087 22134 17093 49541 1019 58024 89595 78843 38356 10531 6827 42545 31071 15345 86765 16090 46067 74484 73668 86506 59313 98650 68618 19968 53515 15270 78350 19358 53691 92084 92618 39486 36528 54679 83182 86520 48012 8335 18948 50165 3542
73272 73272 63238 85848 9521 14128 35945 10574 21999 85792 36352 76809 85105 11627 25762 96242 33394 42437 80211 5859 91559 53048 91109 50745 69810 27338 53991 19591 81737 33920 90210 44059 79335 60600 9340 28853 2222 24411 18258 81684 167 84187 89618 23846 23779 20438 40964 63738 77324 313 426 68076 38225 32848 73119 69667 71946 95571 31244 88556 58992 35490 50990 73753 85596 74985 18319 10729 5023 65083 65928 1944 25810 56818 17140 11356 34728 73956 95496 2209 30033 81408 885 85990 55937 74732 18760 46823 75665 46784 89563 69945 96867 48513 13355 59134 11755 69279 17214 40662
66022 66022 89566 54623 96136 38505 32354 35835 22054 96455 19703 21378 37387 51833 56442 8342 37869 24562 48187 29699 5394 54446 8594 9719 52403 87947 98040 61955 26002 38345 28711 27862 47363 79682 80244 22751 26606 32424 50973 56533 133 94116 53880 12484 64202 41410 68518 88814 74968 61478 937 24220 33883 67732 86790 5914 34529 51962 31004 65982 42368 54424 67828 52795 1644 52576 54806 78789 78659 89207 48124 46457 60564 37548 34858 31609 31207 63572 21948 62295 23292 87784 45612 54039 56931 90864 64546 32520 88239 48886 68137 82322 72652 65754 30170 59473 33402 65908 21000 12264
58025 58025 29846 58527 28784 76261 50868 93513 16809 25403 4823 15539 80069 26427 53024 23370 26949 39895 18974 46161 54981 96307 63654 72511 25987 7372 97087 58573 9413 34050 53818 69211 58926 99742 44382 36113 80132 50112 50682 63512 86866 40669 70903 53615 97604 39899 15808 7795 34515 44300 17990 33042 77219 34475 18574 65534 62754 50423 74333 99792 81870 6373 58886 7532 33437 31661 35251 76979 24775 66364 329 6113 35518 89669 59760 65383 67456 46624 55413 56231 36510 13023 36227 26683 25854 54477 90352 30610 7944 6808 97807 2892 40874 96214 63027 18181 50842 5028 77580 40679
59471 59471 44601 75203 57254 69654 5336 67601 75515 49758 5755 3376 22596 95778 13103 63906 65504 79107 54288 34068 96741 46453 28792 93830 75024 37665 12498 4771 91859 65854 95300 95559 70126 13497 75605 64094 82055 4470 78388 70090 25626 52555 30255 60286 69329 62345 66273 10155 38917 55026 33656 99916 11530 95760 15537 83539 22589 69683 77071 48584 61722 92510 95781 21069 34001 41532 16870 50726 31157 69084 60681 41633 63557 80453 76121 95795 94841 30100 15871 66356 53292 74052 69660 50025 35203 6876 75420 66214 95228 55045 12625 15167 55555 98618 83536 41077 89929 60772 55273 25553
86616 86616 62960 67380 49647 24101 79164 66948 91228 55572 30604 18330 74341 13991 80446 93553 54608 37239 41852 27307 50597 83921 53617 29610 82867 49918 98802 67537 73925 66730 99611 86200 32930 37334 42155 33455 54485 87266 60680 38287 79184 72808 98105 37379 28237 84033 91410 44032 80370 52845 6414 38072 72354 83208 57909 63051 84831 84345 54544 43510 69614 97546 76064 44189 78783 30645 36496 57479 78008 47283 40209 64839 8668 39601 45933 94771 59684 12919 41269 21724 27233 87041 4675 87331 37844 20863 68427 22036 13565 14685 60753 25581 15524 29671 69533 96687 93411 50926 6276 35497
10389 10389 26711 6666 72365 23913 57208 83139 7525 26665 42421 18832 77120 18090 73067 89364 98021 63396 14798 8663 13867 27614 92390 45939 65304 36020 42365 76993 10120 93699 28374 42690 34294 61616 97564 87060 61943 6086 71608 37969 3119 91150 32612 23745 67887 87437 45061 33395 44323 36170 47124 8142 48744 61369 35178 330 19063 97524 32198 4269 38214 85955 94052 14548 72887 27370 86619 44765 7436 2575 63909 79392 87056 62403 65573 79353 1683 87527 55658 32183 78626 19570 27224 20093 16626 76719 19656 36551 34494 71149 94904 16431 111 35186 98088 63491 78277 99183 31588 61886
41825 41825 741 8577 26396 55070 14018 76766 18878 13514 64988 16982 59680 37751 44100 67122 48504 64428 59245 48844 18331 10178 7552 80138 53672 19517 24626 9729 75233 44737 4855 65287 44061 97818 71230 48322 31158 91701 89915 29102 57285 66735 37374 7843 59244 20970 32662 70021 31138 66880 63795 88738 95283 82523 91605 18510 31452 12870 28113 89366 8167 29880 86130 23621 40855 33889 33332 97465 35409 40848 86795 41662 6238 28653 52372 66651 53228 75881 11268 68161 17998 85989 71531 29462 36698 45790 5453 58659 14580 74357 911 90700 22386 20558 20023 81358 97063 8191 84554 17810
86738 86738 74336 99858 30641 85226 6898 71787 74686 42860 40446 20272 91420 60195 55730 98033 34944 51594 34234 25120 44434 2332 62451 75676 42676 51129 71122 55344 58086 78165 8507 44180 2564 25791 59896 65551 31453 32102 20811 4647 62866 12549 79468 34835 85268 17497 64780 48570 579 4479 77687 21604 89235 17056 72091 22366 64232 33686 75707 61951 75979 66205 33974 74059 75767 20360 46228 51721 43127 51800 26312 71696 51636 72518 29421 63741 15088 84962 68529 55161 9154 99365 59149 57518 97293 62222 6304 16058 15667 40170 23308 17057 66765 86014 52694 4600 14110 771 46896 49913
35230 35230 78865 44339 91070 16052 48855 76322 90310 10643 71627 55448 8480 10239 56882 53683 9885 31835 15036 67714 50800 99115 25946 70083 24959 24547 76259 26870 31638 69138 58796 45851 44486 32502 30466 96040 4430 12989 75490 43060 94906 26219 69553 63231 2593 5330 57818 21581 44934 69087 82635 18954 97195 89097 34816 75475 3870 3041 41569 75929 4148 17846 31968 75931 53064 28402 67723 18143 43142 57088 12988 32218 69409 11385 60086 47127 34954 71185 46221 57596 96779 44952 24880 66771 92993 91168 93828 59756 60213 15831 84810 16957 16005 52548 61079 15726 83410 37345 5541 68080
38976 38976 93415 6082 79031 55274 88341 63542 45406 52400 4763 7736 66659 52477 12312 46510 3514 56776 17328 42030 78824 98258 43163 71480 30492 56124 97258 71111 29977 48835 47227 88047 74256 15607 73024 70403 62751 92738 56450 70890 27077 82616 17403 50655 40411 89139 49553 29731 47550 9401 17551 80129 89933 14186 97077 96969 96013 49781 56579 29630 75130 78571 6209 35843 10418 55225 2369 88504 47735 76392 1380 3668 4084 775 39080 86525 71487 18239 41575 51239 37198 87250 27399 4053 29507 62095 18835 55171 5229 53194 4320 12398 5596 78684 42369 514 22508 55542 92593 80204
38039 38039 36132 89298 52401 75785 51785 10536 9460 82694 83243 69256 92434 79862 1607 6880 67024 58403 94002 62040 49981 87632 59751 43807 83547 96399 63847 4186 71198 36027 80961 62897 7190 26899 77128 14997 69539 37103 93034 44647 45041 17017 4278 83556 84753 71648 69411 88454 59016 51376 86579 99528 33101 34701 61602 40932 51024 34429 77943 18243 61138 23122 90453 20938 82982 89966 77860 95527 38781 75082 69763 2606 34089 36773 45704 620 40220 99682 26028 33668 73019 44505 19970 8869 66790 43512 68303 95061 14278 79466 663 81623 69143 31396 7720 31432 50643 27663 45888 67738
64218 64218 16734 30926 94931 58498 197 1214 96997 88299 47596 33839 6017 83421 60940 50835 90399 9716 6206 64875 63526 39567 65015 27809 20734 13855 5165 63480 73009 63804 30643 68847 37766 9438 8343 37449 75111 34301 44593 70701 54416 57303 79214 99173 86414 84920 86062 8438 42764 28503 32344 49677 51443 63970 71096 94545 45481 7507 84005 59369 23752 94292 59835 23953 33543 253 98295 87280 36438 86883 22830 15442 62758 80711 48238 16123 24457 88656 81698 7390 28850 76751 61573 95053 57483 49555 2773 30693 41895 79895 96375 78045 98288 14758 91285 62781 56456 89908 69951 58565
52149 52149 56902 71022 67150 9771 89656 86049 42086 53660 72358 85787 91066 90259 94947 96922 59164 62385 41433 24437 69671 73665 66551 23025 83607 9676 74326 90831 58117 11034 2347 26347 57476 16473 58293 76146 14075 12304 63516 1461 83160 22334 17660 27189 25389 93054 9399 77290 43243 84423 32639 6500 82647 11688 90003 30462 76084 94084 68716 81430 33519 95602 31483 23475 96193 60912 88685 61234 76281 96815 33424 49599 27235 48265 95114 18794 51764 60922 27535 32602 66096 15551 34265 58850 17343 28795 63085 83246 73474 39248 90115 52815 8848 56715 93281 70305 89175 62233 26447 84923
17767 17767 35951 97188 56304 39508 50950 52174 68882 56907 57023 27226 68381 44797 57512 92608 45046 28561 93392 55605 64710 33785 95133 63614 60793 74078 50005 72148 58092 88760 65687 42389 73006 42702 18582 25541 93559 41165 58324 14083 1097 71429 41983 99537 80213 43963 95533 49891 67997 43797 97730 98481 31740 64822 68267 20600 43258 7163 87039 52486 20617 36566 43516 8512 3191 68075 97330 65029 70439 60493 63876 30996 20286 82425 42281 1112 86266 34205 62873 73216 97069 73468 1033 39314 51616 5655 42673 66001 80364 7754 5978 26287 15117 62490 17756 17545 74608 45621 95160 42873
2999 2999 46740 59719 6804 96726 17620 35314 4871 26271 32418 2226 47244 66537 35813 96494 44988 12481 39565 26842 15635 83194 97792 42480 63922 97808 79050 55807 76899 50605 54200 48035 61213 22471 22607 51363 36087 56434 53740 67003 62347 85829 33086 44805 30712 62736 30164 16828 87001 10819 61603 1406 42008 13135 64940 41773 24691 55786 98855 95052 2039 94328 81974 47025 33365 76755 80814 31607 97820 47270 91726 83544 79308 89449 85470 91247 40198 30977 38670 24694 59171 48455 98889 57053 45266 6829 30158 53921 82609 38227 57922 41724 81668 96346 92874 46876 7055 68167 14537 3654
77339 77339 72790 210 52163 71484 58895 72830 97229 36345 39935 1728 43881 47104 63602 22348 18132 9723 8917 6025 69489 76574 99203 95554 22360 34477 48817 5988 70614 61576 63934 35328 80195 68710 32151 6935 17583 94941 150 10296 36655 73526 84656 75733 40153 9094 97764 39044 34616 41843 75057 31836 15960 4075 35524 14859 21701 39030 25927 66495 10971 6166 13661 90299 87034 92277 97416 20967 75720 92040 80692 1104 47409 24452 15377 46038 85020 61627 72414 77066 29640 27176 23536 24906 3331 16823 97540 43894 31781 19793 88369 28436 46099 80092 42465 74986 81393 46803 70391 75765
48641 48641 5423 33142 2972 84747 28463 89916 91052 4754 71442 7262 72326 56500 60739 10387 83787 91805 6822 73483 48663 30179 97208 74666 89007 58413 89466 40389 63756 79162 93933 10952 73733 89103 59038 50103 58408 42587 22041 89502 79305 27525 79215 91764 25911 46616 89486 37748 40726 64295 30364 85735 34986 45359 79754 21012 47683 40266 5742 94658 49029 54718 69330 73813 68227 82048 63543 34456 88961 38056 48532 88749 16109 87981 530 37796 71471 36196 15674 41181 89060 94609 39534 67148 68729 13385 28102 88874 52046 2479 72969 68955 57525 15503 29878 77967 2009 36733 26974 86863
55847 55847 67952 6231 28507 37963 97794 63342 42646 65215 68595 71354 48281 4202 76536 26258 83443 30322 61248 15650 32561 95940 73803 52266 82237 75842 11575 59631 84003 16366 27203 49163 57934 17043 92844 17249 4338 20409 95920 34377 32168 70190 40642 47653 22238 98500 58284 77143 19464 90400 33971 74385 25031 12376 74468 87825 93589 83134 83109 22714 48087 94128 49310 78514 51220 86480 72523 39156 45326 641 17456 47875 29142 42687 87644 89936 63564 56559 16379 13976 50116 40643 27275 81170 93692 44072 8462 12196 46802 5072 22835 9307 55836 16037 72004 7333 10467 13956 15983 66752
98933 98933 89677 61911 83344 95244 64435 48555 46679 42262 76666 86050 79874 20845 5151 74522 39804 76550 8762 35605 52838 61004 88858 55556 90723 92095 33812 69772 932 99700 73785 22718 56531 34154 37657 64400 12811 16670 14296 52666 28757 17413 5883 16695 18956 47820 43980 20722 12240 14484 65858 93377 82047 15832 27993 46773 75559 47223 35358 79222 40272 29908 76977 72928 21411 81284 37107 61900 54348 57569 61915 9060 22046 87221 56496 40661 92238 13405 78430 59753 98294 43786 71546 33149 32162 78829 49115 90034 13975 66510 47256 16943 71557 34189 30256 6396 75363 74728 47168 15061
70177 70177 52672 75179 4098 71508 39666 24557 95901 22323 29110 6213 38979 83969 66989 48928 3916 13859 38402 28770 35989 13758 24429 55147 9010 25111 25154 24368 69774 7549 70782 29043 10612 16519 39068 93571 64245 65560 68297 86844 53963 24249 46358 13194 44176 30212 75221 69223 5103 91193 82172 10718 24106 20712 34995 78022 5617 56622 56168 1208 77331 41901 75612 13293 94591 36903 69532 7669 42737 63466 36525 69850 3244 32307 14722 85997 36674 77328 26506 71197 24022 74913 97350 3960 17072 57280 49027 6964 75965 3868 19321 58107 50126 43506 41345 79255 6214 42615 8578 92334
83431 83431 42664 12629 8769 30500 10 21175 42745 62599 76575 42075 60209 96614 2227 23727 34645 40158 49554 96697 39533 23830 48178 95381 60377 42721 27955 36088 14733 29192 68273 52705 36376 70629 44184 89274 95585 87849 59027 62720 66680 91507 24243 29893 76248 20511 13818 52313 99585 45112 2957 51914 35857 36788 52208 10922 69556 41715 2982 97814 57565 56957 91789 18577 12014 31089 21440 22553 75616 28624 22855 76576 12127 10706 63108 65717 85821 15969 3365 25283 65746 25106 58561 76442 78396 40624 56089 49772 3691 14434 87507 34416 26283 78410 5255 42235 45278 43740 80605 42114
72657 72657 70555 34217 79665 9748 72919 82634 56859 33247 53414 74332 76210 46056 1897 76220 57275 77159 13369 61852 14481 90005 56673 25115 29755 6752 36164 30676 10375 55475 85532 40684 31828 71691 41561 87756 95530 59088 40588 97586 62208 59310 55346 11161 50459 38216 87593 83939 33976 40978 69426 65313 58372 40930 69807 77112 29809 82000 42831 29117 28526 70347 64415 33272 17129 5786 52264 24705 98360 24983 73831 44390 15325 29659 72378 54114 18125 63501 69973 95888 37315 18946 86106 36530 2322 70996 78589 50361 51965 73929 98694 52741 98151 61938 70150 50916 94646 17839 72758 99906
83237 83237 28030 31820 17402 76188 89390 64530 848 51784 17854 85228 59116 68418 33504 71816 78629 35927 30796 86260 62756 62881 55515 35446 91908 42423 61810 62017 58701 44622 73671 92558 65190 65466 407 27124 87653 5810 38208 33975 45191 29790 39511 34394 13673 75002 3948 6577 49390 99187 72227 52864 78294 59663 38559 11813 8368 54284 58532 63378 3821 54857 17415 15342 22268 32974 97259 3170 99853 48783 10558 31312 77395 85640 95037 56984 44828 46021 40281 39915 22722 57805 85417 32740 84504 11616 45348 95365 76493 25428 81446 97557 75377 30488 9318 55988 68696 65114 611 38417
33048 33048 58421 83771 24213 21991 70336 3869 93993 65321 602 98267 34028 93171 24777 49782 55716 31263 18421 40283 61580 41094 19038 37474 20068 83867 94083 96948 42112 55135 81011 44567 39214 67222 21748 53744 31872 82864 61962 22564 65549 53830 62776 87546 41970 92116 70466 6063 50282 59619 85065 30821 72812 16218 62713 37817 9803 99843 73005 31295 47274 82519 88640 48643 11885 50396 67633 41885 92604 32955 63285 38306 64658 27989 10992 70730 27546 92598 920 45484 92550 66872 31073 19070 79174 11114 34810 70334 94497 31429 95892 5343 86185 28489 76326 63986 80265 93650 78355 98077
29308 29308 53140 46361 1154 92407 97428 19971 20071 60499 2612 2505 80678 42540 26636 16415 83098 57963 29693 27518 67841 98996 50815 51196 29658 42839 62678 70766 42269 28354 91113 69400 92858 34042 79888 4436 14900 19281 9377 14665 47519 93100 37938 28177 47355 50612 1727 59951 97639 10483 32304 10156 55068 75100 53811 16522 60325 86348 1733 7067 43943 23510 32979 59993 42739 16599 92392 50806 27241 80245 91877 33735 16075 59885 70796 29520 87766 86560 58708 3915 12174 61360 39263 74008 69912 79198 19768 75978 94029 62658 14100 9192 12436 62567 25062 31070 33606 4980 94992 22078
30886 30886 24689 60077 20074 8413 17724 64826 40915 5433 92975 52061 47129 17936 62570 77692 62906 43139 9487 46242 65979 94439 90281 11520 25702 34434 61200 15925 64686 75042 76545 22543 26295 4400 74695 56103 78819 56416 15317 95217 38145 20596 5874 41420 57048 2742 28340 97331 46043 17747 48514 8850 43123 64021 47729 31298 32528 56387 79499 38851 29467 40808 51161 82729 6104 14780 36278 33789 17344 6791 63268 43973 6981 83181 44752 87848 67085 3755 84781 59498 21405 93887 27364 32400 81678 29058 43193 34745 33075 14376 91023 52947 7302 81679 49849 8528 74003 32306 16627 14240
74870 74870 31085 67690 21254 3318 69169 35895 13048 65920 51893 14473 70726 84523 57153 84366 73107 98179 36590 40082 11691 50826 79300 93105 87301 45960 35487 20378 3281 41978 45453 17485 70519 63832 72920 1563 48984 32347 18965 24895 60939 84055 84521 90135 65694 25240 63546 80068 75875 33240 94104 16950 70884 11092 10021 37360 57439 62091 45785 44528 815 5113 64745 92221 81388 87612 8709 40775 69311 24024 60578 87447 71378 45015 42572 28748 62140 93276 567 92147 87959 72975 18757 65424 22008 20910 35327 59878 96319 66847 228 71033 52496 37070 98311 67048 22291 74397 43810 81876
27750 27750 43525 29423 91822 29302 11103 61413 97964 20232 42136 92288 5466 70431 32954 86458 29540 14039 1088 3544 75335 95521 44673 5682 42804 20508 72387 41523 22204 64252 16954 53596 72681 80377 65330 87931 60054 20443 82690 24485 39514 42512 94499 28120 36271 34492 8882 32590 67936 70882 7325 85618 85897 72835 47322 57898 60218 74014 18567 31260 29959 27877 3293 82259 55907 97171 31991 57771 65044 30521 11895 39150 90475 18849 1303 62791 87898 66097 32569 60872 76780 16782 95227 64510 75065 25921 57938 55553 85421 14700 33396 19770 48637 25949 28057 16013 32593 20264 95746 37261
69149 69149 43378 50342 41155 78614 97431 69841 44658 98608 78749 46966 41677 21681 88613 50098 96409 17564 12157 5082 56342 12162 48486 29883 4940 20428 66713 49194 63128 89771 75227 12643 59172 29744 1615 87405 59527 92657 41533 61442 19278 47308 67838 75890 40025 34947 4124 42236 94935 32351 64970 70964 49717 95936 14971 26977 28223 61278 63895 33698 15231 77332 89496 57860 26820 39040 72997 64845 74555 44894 91125 17058 84915 15526 1687 38701 99514 5112 56819 14173 35879 32317 23392 7062 63148 74374 39731 64507 28261 85349 19882 10006 43187 51269 45071 28506 39235 77004 11518 83890
64357 64357 34653 67859 76824 88745 18210 60443 45302 57481 78757 69283 12139 83136 10166 80775 82990 78545 80017 8422 81726 4413 74533 67904 56057 26027 85537 64084 55695 2709 56966 15866 2870 45973 49446 89383 58354 57222 67182 87500 35777 92210 70213 56235 67212 60845 82013 87796 47055 18051 55967 93903 3711 50809 23546 59254 6490 38704 19769 82583 88478 97297 18236 87780 34611 95337 74354 84350 67514 25582 84163 81593 20801 98457 44944 80423 47525 1879 17503 13948 67004 5907 9532 99540 78686 80328 1737 38834 91329 11331 65837 3685 59887 38109 88652 3367 90053 27130 31614 44984
2114 2114 83017 62964 98852 21994 66176 71670 59060 67691 43693 55766 788 40536 26724 84036 10956 94654 21493 67817 97687 13228 83367 77723 71728 75652 42887 72386 87524 55860 82956 84179 77890 85781 28087 60380 2944 55909 77230 93496 70973 44389 77631 91767 95610 22827 78283 69989 51811 20656 12120 92405 20730 51767 52773 39353 50432 54035 98935 77581 73179 76519 53981 34498 46731 53827 79053 15466 48275 52515 67630 39720 51925 62398 49173 42678 67089 31096 84482 52185 6405 55524 18963 56282 5483 70482 48948 17772 64809 79768 14045 82631 96791 10754 57396 59765 28390 53195 46594 32259
28134 28134 78209 50435 36354 11676 34010 50382 50659 22066 46767 8672 22870 32969 16046 7159 95392 95069 16092 24079 49802 12771 4177 97347 38045 68895 23619 58091 16408 37090 25054 4152 90928 93643 99605 33581 57358 66902 83660 67258 25726 92224 10589 55768 77315 90415 1056 82219 91377 58742 15610 66486 38279 35679 57591 66987 8253 95932 16204 92689 62611 60019 96758 82240 58409 91510 34748 40352 1531 25315 81268 47290 74754 97719 94504 97365 98687 16559 97284 20477 93900 88949 45773 59787 61520 74486 53801 53080 62742 7661 49035 93579 91992 50164 83272 75246 13839 71136 7046 14436
58984 58984 22634 15812 55290 40435 31576 26013 70407 4688 12688 43277 16035 8763 32353 69741 44542 74945 65964 1326 57625 18301 21727 36215 49935 21041 57384 49073 38775 4066 86039 41877 5901 537 88618 68608 13076 59923 67979 4085 12690 43928 10334 3995 86069 70648 9178 37763 8764 36791 69088 55288 50420 59146 39736 77840 47051 80289 35978 14794 77391 78610 49967 49430 5093 36824 35291 17676 94349 93536 78465 30021 5481 97509 37178 62763 20507 1322 28931 70538 70690 36741 84970 83245 95249 63313 88195 3624 30197 92948 86711 68435 3586 31524 58932 63367 44218 67300 31103 50429
33121 33121 10807 81951 22425 13280 51453 20366 64886 79592 37601 81369 71084 7483 91008 94019 51930 43958 92899 72590 93280 68535 93058 25413 16401 12604 68036 82655 57816 3721 59571 31316 46348 52392 38627 2008 46852 3423 63364 6401 53144 7263 62435 27201 79187 9945 71660 56230 98073 63690 58278 99264 25959 10222 70303 91963 99239 85845 41929 80249 38292 15694 32365 99240 62293 67776 80093 85010 92476 69519 60672 27572 75525 53840 99110 49600 81230 84500 60800 78794 68732 75281 2404 3259 90705 25478 3541 66281 8872 21815 7354 18425 59457 78079 95449 58900 26116 48521 84216 59832
21672 21672 8363 12505 39834 80763 98325 55277 8794 48842 9964 19046 25231 9908 69347 77838 97979 70479 71133 30227 8486 95157 67750 95721 99261 72057 12260 26640 26985 21504 16295 96204 1580 31398 86223 81501 39717 54228 7502 23950 97277 87069 59154 70647 7250 48338 66379 24538 52604 710 3986 60508 97154 13105 72477 29871 32213 29382 31506 91233 82619 35844 82365 87511 88535 87689 53213 80601 25222 18031 16785 41300 77405 91043 89459 75258 43938 37602 99778 2794 61469 57826 51877 28988 88721 62323 48432 19406 94475 60450 94374 98688 76239 61094 10197 89172 41939 78755 16802 11372
98859 98859 1058 83982 58791 27075 35742 6006 1639 51713 21502 88693 17902 57392 55854 51667 19036 70197 35162 79351 79315 73967 15991 74055 57330 25101 83491 95366 86535 41192 41110 19130 40577 82018 83614 77312 27928 88067 66816 12752 48217 36220 9779 94455 25598 39056 90672 29132 56331 15517 12959 93669 88002 44621 47306 7161 58904 68095 92652 13958 37610 70413 7095 61407 23937 20288 34002 61308 42568 82397 72707 64500 61075 13477 71948 75718 56278 76959 75397 21206 33200 44903 22673 60390 88463 47747 13067 1710 71527 26679 98823 83447 28539 78845 63867 9357 97748 87061 66259 67074
89819 89819 68209 43733 38504 5062 56608 66786 6250 72402 67671 78031 29533 45375 38030 18718 13050 94718 37486 53470 73760 36412 1592 46967 22908 72450 99337 34658 35084 40458 63989 38729 3657 54069 19243 49855 67199 50791 6130 57674 23057 69369 29383 22042 91924 24239 40285 45966 13891 11816 93327 43110 36123 4936 40224 16023 62012 97366 23990 29020 90957 3350 89203 783 81714 57382 32049 5882 53353 31689 17734 84092 24088 25983 68633 73936 72169 33259 91081 60028 83849 7415 79989 75383 42017 3454 50538 86972 81069 43416 66431 69749 7996 80279 92218 36079 74785 5505 41 20165
90501 90501 57890 55387 21503 6435 38440 62054 85022 81467 52148 55990 2305 71211 18840 37810 84230 86397 39702 42751 52352 96208 41841 2356 12373 28488 61893 13654 64925 67836 69747 81629 16122 46089 16767 87349 20318 91029 18828 45214 52221 81013 21302 52651 88036 75519 85019 63030 52642 68359 39582 97007 50942 70019 87328 40119 13189 74134 69863 30301 98308 56003 95116 60801 84167 59119 44933 51365 96873 69504 4926 93505 56692 54343 16246 90088 90462 6314 61419 43558 35344 13778 44151 69398 61541 19654 55405 31141 44467 57772 45884 49183 10288 77098 16662 34093 62651 57364 29127 51434
92430 92430 11582 23501 3593 73664 14031 6497 46124 14194 29260 97321 84992 32822 88674 50359 60395 34244 32903 27001 54980 77620 14803 40614 30695 1570 52814 52823 15010 4058 8514 96871 33208 96817 23060 85652 72272 44884 19276 38716 58275 67245 26471 31578 54220 75930 48370 19388 78876 55453 38927 53291 29514 29351 42078 48849 75542 36604 55702 83047 99975 74494 63402 74855 80323 91045 30123 76278 14095 54058 6949 89349 30225 30548 46159 65412 45127 86808 16901 37395 29517 79290 65416 7123 98890 5412 36896 7930 72619 82212 47932 18729 72580 94131 9173 87523 84601 96444 41078 74240
15141 15141 17273 73367 62642 1726 7975 50155 28523 28820 32674 91343 86606 47797 66968 56069 74783 44956 57473 35889 21648 20342 21064 41513 22087 42320 73744 63206 21204 71687 37569 51502 39035 57788 42343 34538 43150 58373 12944 485 97240 85168 52375 75878 18101 70074 54727 80044 55796 86825 72543 16827 98076 58426 68559 98337 49268 48572 56385 75980 901 86011 33206 60513 49396 62038 46010 83032 77063 55198 53959 99617 22686 82314 19974 67491 36137 79094 79220 5560 11350 3603 93514 4967 44990 69380 75809 17116 22636 64880 46415 58560 90960 95189 74612 57899 18842 11367 85701 43473
66499 66499 72751 74853 93490 88659 3757 86580 2351 67715 4192 75150 30218 76426 13892 43077 92976 47120 27692 81844 17829 24750 66642 14781 12611 40193 23628 72819 87935 311 71212 84949 20400 32020 35038 16278 72947 46064 22563 99882 72662 41672 89270 59928 8038 1143 63693 16787 19636 10096 50378 98873 95812 6866 31785 88176 80398 10511 76048 56761 19403 14774 89714 9315 9082 72317 39332 95274 46864 80630 17853 36673 76175 29030 80345 56723 73333 31648 76215 78172 86597 27009 66619 89808 59743 28981 54974 42635 84613 1892 91440 63833 76850 99925 47855 2506 58728 45901 39345 39772
35921 35921 4907 33021 26221 11194 49630 4685 75329 69029 1677 20285 30406 11637 97290 40594 73096 6218 36263 60278 66795 91202 15145 44433 308 1350 75394 71182 85654 53235 35985 20045 6559 92056 73128 26097 48433 74719 32019 33582 28008 63066 87134 27523 18392 47784 34433 12012 26486 20476 32469 32391 7938 15584 22191 196 98504 25950 78331 32958 29034 43712 93808 58313 23368 99954 78679 9585 33510 85957 59058 36548 36752 44637 24543 87831 64280 46059 85441 74101 53168 53882 91053 47446 10497 63155 42946 40871 15571 99278 96177 980 99201 68592 60831 57643 36979 90880 4981 12231
4052 4052 32732 69326 41347 55243 92263 86445 66467 40953 54658 19086 87340 45402 24156 22594 50100 99789 90927 4290 2716 75262 23029 34798 82070 70185 62219 35018 65617 57735 57117 34751 401 41377 62798 5522 55196 6742 67789 54484 68644 8529 17321 1020 29705 48721 75597 3973 62913 95639 26927 1808 15095 22489 28112 93951 35311 1640 7092 5697 23199 81491 56858 61558 46790 63880 19934 57876 20645 6919 84986 78867 26485 50671 89850 91424 17169 3115 19060 28555 62255 59850 40790 68491 62234 77562 99684 60883 87420 15421 55669 48939 93996 89305 89529 46673 73995 64472 7183 12836
16056 16056 82335 32101 5293 33522 20509 61802 13038 27600 11603 23430 23996 26203 84251 41768 51534 70591 65333 19425 99165 17041 47686 9085 54596 77957 92247 56182 96756 71902 8822 82071 51410 56185 49720 49795 48893 50564 13723 27586 52336 84499 37968 94969 97429 44170 93519 64548 59081 93422 35197 35282 90110 95099 22786 93621 39419 6725 68310 24196 13767 30240 92941 98930 68108 90550 52111 86513 14973 43663 98414 96258 98160 71171 82693 35031 82837 30458 97250 28957 29504 67658 12923 17021 84890 32178 97574 68650 11667 22288 73808 16073 63839 55812 59300 87595 95581 73874 74906 2657
48964 48964 55903 79505 99321 7211 80912 69202 7384 72521 31733 97303 79746 21694 6945 92853 54573 77081 1990 89360 84480 15504 32420 41846 82221 2926 87095 79717 91451 19399 72566 63748 82558 92997 74801 36056 84236 57763 41693 79845 7585 96952 39507 44697 97095 49559 97062 19372 22945 44507 93404 78160 4029 83334 95247 47850 17976 467 33791 1283 5722 7847 53690 20352 52039 93178 25333 14709 18694 43394 93994 44284 97269 27365 18943 45040 80909 56637 83655 26414 69238 66092 39564 40466 44738 37115 56960 65473 1654 14919 39253 66855 20025 47865 69791 61319 28145 95007 863 6146
15460 15460 48239 38155 4788 34697 98853 48174 16604 37483 66756 73553 34859 54665 47043 6642 42133 39238 12663 43095 62506 30008 82804 89703 37209 77869 61410 57575 6713 69103 96279 75611 91167 66451 66044 30020 43422 37144 68912 99709 75334 38320 9365 43412 49714 28082 38630 95641 94625 16357 47908 10895 7435 77415 55408 78693 8910 1826 93918 12161 56054 19633 90887 17020 70378 76765 94942 50355 12766 278 65682 76950 85788 39479 81847 57221 14907 75673 53558 45455 81753 20312 66487 20394 79012 82080 6592 57576 11240 88108 30941 87823 12093 19565 54778 81222 80303 66792 88785 7068
6830 6830 16563 92716 14414 92368 96388 81281 52029 42633 21718 60824 94106 70672 50225 79165 25996 65496 24665 79787 26034 87735 88296 39991 55038 65463 72605 99450 81436 42185 64885 70207 49171 57156 99758 50364 39783 99978 19308 7779 29725 29445 21414 76233 51572 67221 49704 27476 14187 79963 13354 20651 9213 12238 44675 29805 9615 91667 86907 153 52689 76075 48133 6813 91132 36203 46085 41437 66005 12114 26720 43354 78782 47319 8471 78991 80976 14094 16262 44243 81661 51747 45877 66113 82366 77306 81327 81287 58962 91072 18040 24866 3695 85713 19659 71706 93591 73337 70325 71543
95669 95669 8569 58008 19649 40298 30045 90626 3886 38353 64074 35165 40028 29781 2702 65650 35048 69449 55464 8944 97813 30672 82353 44351 20375 24467 27309 93085 93043 7632 99160 3646 74371 65589 55418 53699 58348 63932 15271 86899 17518 14304 29272 71049 58784 88287 10384 55090 11888 84085 53753 29714 85234 47353 60161 3319 69897 51180 49476 96620 83184 34194 32601 43469 7681 11908 91841 70767 13315 87778 86144 27813 91961 22796 58769 48121 57374 52282 26937 86205 88747 61933 50987 2014 94612 60750 35863 64524 86810 38884 45604 31774 22398 80569 88033 86735 53246 4742 41059 5420
29389 29389 68565 93844 47660 74991 14503 39925 51723 38962 65705 24456 45331 32621 13425 86094 16394 84577 3972 58449 56927 99041 19442 72952 12785 78574 76981 57122 79978 30126 78616 77674 53533 244 80825 56375 81256 20121 20424 22162 67483 88030 52422 17060 6188 98285 99263 26014 86027 53374 22987 31720 87889 13866 90366 35667 28416 39878 49923 34242 92895 48418 82261 12937 39906 21688 49946 2228 57233 95964 87461 22467 38517 55995 53622 43587 67322 57837 79334 94427 1193 66479 1977 65546 405 93745 55238 46574 42084 55404 56581 55529 82673 49278 86322 14860 61164 21890 99196 69509
2057 2057 32165 21474 33092 96233 90866 20996 28516 16945 16970 76967 87282 8365 85406 55443 78103 84953 36667 86367 6028 67824 58705 32921 35452 84887 67106 16719 54194 40694 59262 72384 45260 55717 5417 43490 8737 60156 67433 63439 9333 192 12129 2554 68761 29832 10356 52153 57000 97304 62950 37265 38875 59087 28962 51654 8844 7858 40380 64831 21669 96291 26122 2434 2261 12103 39659 85847 29082 57186 24475 60937 60472 82967 5274 77425 21619 91704 78597 91577 69484 636 39457 42461 5290 73098 11505 50400 94993 80430 50124 54911 78419 86481 16718 52450 29729 60189 12499 83550
74535 74535 79541 29704 24272 59150 35602 51185 29009 83708 26062 39807 95942 82359 84169 32792 99505 63688 17434 22600 18155 74567 20334 79112 24102 59742 74679 91785 80753 55588 23305 19319 12462 18296 93084 1521 56445 47000 35390 40027 78067 26894 90902 17136 4095 80939 65486 18566 17665 96616 53892 41802 51867 58768 15682 87008 25975 8518 48520 5841 84583 15528 85661 98261 32952 59617 64144 12521 28679 89838 53092 25887 53957 7151 10879 40825 97324 27318 43398 84232 63371 10507 49187 63098 42035 58394 97096 67761 26826 59463 99775 7641 122 77490 10065 40712 89361 65414 44009 31467
19784 19784 14753 10962 44156 37670 55912 25811 22837 44285 20857 88322 84939 16081 54747 28341 2405 50955 24334 96721 86522 36706 22913 12074 28860 50078 67440 86326 63295 39590 13774 27799 50301 13916 93134 97342 34257 21555 37632 82439 41064 93884 62152 40253 37057 34610 37784 40828 60071 91259 4377 46112 81736 9875 38473 96283 22862 10789 71649 50651 51754 48298 1841 24819 27087 24639 71999 97508 31824 62173 8178 95763 69590 6865 34545 73640 13131 62338 32725 12587 16799 99028 50399 62553 24986 34667 23947 35378 2522 97544 85298 51391 33872 27285 13227 83440 97537 13165 56477 86464
80415 80415 50223 17401 44124 88988 80562 94953 4953 1843 98943 10526 4349 4846 37878 44523 35100 73150 16685 62792 3443 78919 18541 77336 20139 80117 38653 45358 83869 88764 19789 89196 86977 72664 62411 72633 42695 39821 67188 4768 56846 55943 24366 64550 99446 5175 89903 18550 16594 43691 21329 7020 59705 14793 99009 35474 55256 82386 13356 83639 24752 3903 98106 66587 5644 31516 76894 84344 67976 22641 81751 3629 42073 84913 86690 52446 24392 3445 51240 3159 19301 44732 27429 44516 6527 68814 45184 97494 34950 85207 689 23702 35428 79436 82698 36076 76472 99414 32149 72062
592 592 84164 3824 99777 44921 90229 29093 63816 33007 66325 7391 62008 83467 27865 11001 64091 17702 65173 8831 40655 52428 486 60687 4773 11531 67288 58704 42346 20887 68699 66142 5154 45409 95576 34489 26464 79059 42638 39464 81448 31335 28337 88850 10504 97906 7557 94616 78324 55681 6710 31356 65537 59238 97121 23126 53635 29164 71803 93656 76120 99369 98785 73770 92728 6445 14604 7290 88383 5195 88730 27026 37066 99767 33071 7377 88778 70273 68624 71102 24773 29767 34953 47432 35463 65394 16285 2941 91181 40300 27784 88221 24423 36377 14828 66994 26688 40012 38433 65151
89409 89409 84925 81240 76520 95905 2190 40347 48830 39331 42396 40741 61396 26900 22031 73636 33741 64849 26598 61201 56271 38953 46742 46724 52753 41324 33490 95734 57031 41666 93640 88412 16192 29802 95451 99929 5561 45244 8087 54321 24114 30278 25806 33136 55444 97383 74891 15644 60699 36984 21094 19074 41029 89500 67172 56173 67412 45684 2780 73470 96230 35050 94702 95327 69686 17699 51787 95539 96370 2021 64673 50374 17723 2336 52090 28347 33017 16743 3532 68920 81977 99999 94330 67673 24214 24551 3506 40550 43014 8197 15128 3815 26374 92615 87888 76114 89451 178 32192 55307
6381 6381 43559 2449 43047 40498 98586 39211 17210 67059 2133 94869 7780 48743 75655 6326 5225 71983 3521 16491 46053 34976 30007 36232 74116 95379 85710 74030 55668 62838 90714 89202 47702 84782 22745 44171 67991 87038 51298 47731 1301 26868 35674 50736 46190 5397 95842 48808 38555 44869 15568 29535 52017 764 56174 97542 12973 77411 41066 16547 84210 79212 19136 49381 53935 47776 95728 47770 63312 88482 5150 20190 68651 82283 95575 9525 51934 45362 43505 9684 82113 92185 90097 34216 37291 66094 42500 21925 80209 28691 23744 18698 59362 74064 32993 81735 23084 85812 97050 4792
11217 11217 48846 74200 36945 21945 39675 48447 69001 30830 6828 17886 44316 86241 43155 18691 10108 46540 80614 87201 57981 66591 23863 87415 49661 44214 78790 38137 11245 98275 78041 14705 18814 49874 63269 76898 40993 8312 44485 28491 14641 66704 2328 66447 38479 66755 52625 58731 98483 58783 84056 30907 76095 84271 27771 82547 991 57089 19418 45171 15428 4087 50637 20832 68901 70603 85270 38385 50393 41835 57226 90129 6994 74501 89187 27469 90638 48780 5626 25335 19437 1525 27413 89631 5013 96470 15719 33157 21154 7666 14869 64806 79896 80514 23587 78344 23138 55099 82540 69054
25625 25625 18913 17365 36252 65381 99286 60100 77594 29096 21172 43064 83798 69517 18225 3546 76709 55619 30517 20631 10049 23063 42904 24319 57604 96094 19928 71093 33645 10889 32868 37830 79868 1511 71132 98579 25623 94449 32823 63595 85163 22544 26412 46224 92549 65865 32945 85698 64986 60194 64798 89893 65985 19546 38530 44521 38839 14468 8386 64932 31072 77576 45858 36616 17596 88305 43582 97405 75983 38128 11324 41975 15798 10756 28920 79361 24308 71202 93648 17054 2362 19686 17312 63532 69709 80905 84172 42517 16026 18975 73838 36631 52762 15996 62454 19541 56767 22093 11357 52135
93551 93551 44481 43879 9790 43447 48138 43968 92852 79778 58620 21609 85274 72516 18988 61562 67927 29943 16416 77751 80354 90849 15250 33754 41770 19114 21809 69932 67692 97115 43271 71818 71413 46155 74655 78386 76551 20787 53425 4203 63389 40558 61993 32495 88214 79057 40985 94989 43872 77432 571 47133 13951 62453 67036 73278 78091 81829 31391 95054 15050 54809 81516 39769 1092 72828 87930 9563 84927 90136 42447 51759 53693 20835 76401 22530 71029 24894 9963 67372 85294 24041 63293 59676 76468 48898 91331 1299 25505 94962 57391 83596 89256 55843 52442 90122 40960 46236 28938 79947
61342 61342 37612 91803 20026 54160 37462 83173 45622 84268 76817 33682 1906 22367 87994 14341 26155 53800 2003 59278 66197 74430 19834 2287 41127 4841 89200 78593 84407 77820 65221 43340 61326 564 84926 34753 64029 52259 11077 88550 79756 30757 91434 53399 41294 90516 7787 64277 60524 86521 38081 54757 68864 86788 76207 10292 31680 17690 53400 24779 15156 26136 15150 4838 13192 2792 72534 55623 4608 3164 63381 25700 20492 76946 2641 56277 82575 60477 3554 79472 69924 6263 24305 24419 89996 9922 51092 68888 46260 51920 27872 13946 39757 54555 8154 43239 33847 51999 28619 17333
10816 10816 52276 10791 68340 84121 1663 59768 69603 86776 25390 43105 64557 43194 32773 9081 16600 67954 59115 27887 39596 42643 83192 95141 59320 81082 70880 62826 7461 26532 59855 39208 20439 40914 53301 35184 60674 44274 23535 83138 47389 21306 37773 40875 48607 67977 29176 44431 73172 24480 39123 3142 54905 4347 36775 43036 74083 95816 21015 32752 28458 7956 33865 18277 28963 74543 81121 37051 27512 36712 47743 76890 70669 52743 41587 92490 45634 88903 27994 4817 88630 21400 5589 42748 49294 74886 95137 92236 55706 58664 93030 2127 2771 50060 36465 40409 63150 85104 96384 83212
77262 77262 59879 18767 48904 61375 46586 42658 13229 68107 86951 10774 39750 98736 14620 85469 30330 44545 62778 37322 88589 24840 70275 59572 4423 9618 2339 47370 56815 37199 36161 83363 74126 72715 88753 26168 64837 17505 50610 7611 32691 38247 28917 92707 59079 55005 39413 33870 22250 50258 38856 21794 94018 65856 11418 67351 72563 24565 18660 93979 34173 36032 44550 45143 58127 60138 33301 71100 99712 22824 57217 2196 39393 79696 51355 54336 99498 94666 46961 8796 31959 45229 35739 47232 21205 35313 69860 58060 37788 84881 19754 88124 94172 57824 39341 15011 46772 24915 84844 80300
95145 95145 19226 97158 56757 67342 95416 86404 14034 67487 96852 41199 89328 80925 64856 21497 88180 86311 25484 44909 20529 85807 47119 45889 24611 97549 39927 45619 66502 76026 52878 54385 88432 61716 84793 53171 49090 81326 76642 3694 48166 13250 86996 7973 85374 23955 48057 97967 48825 28510 15522 34979 83258 92766 31469 17885 22512 29177 67426 71657 47095 86655 35354 65916 91253 99746 31253 91255 25097 31098 44314 71571 54498 59000 19134 34505 80640 99186 70814 1767 26744 64933 91067 72309 18639 28429 2534 71859 19159 66266 61749 88620 59055 64901 81770 93734 18452 13143 70724 3888
41014 41014 92609 7848 65736 76552 38173 29645 26993 41027 75577 33556 77145 7235 96967 35641 72655 38907 31413 31012 62380 27776 56951 78939 45713 24669 56967 61665 87806 11529 76675 54062 89142 78948 83606 95786 29948 69298 37067 6948 66026 36124 84814 84310 95310 30915 66112 89826 298 20136 54995 47778 94505 76594 89325 69640 7921 29242 89620 58983 57950 20750 4997 64869 18771 93216 5979 4235 44849 20689 69542 90123 93569 64644 6391 67661 28001 62356 45923 36938 17919 55604 61190 43053 77443 15057 73947 45996 1242 57951 72033 16317 97183 64372 69962 66542 42886 89870 81680 35620
30705 30705 17558 94824 68899 66688 99944 14996 78231 79957 55253 46793 86732 79814 18885 89692 28091 69128 47585 15651 12017 14799 47726 76573 39319 54713 34788 11365 68394 11018 66277 76156 45886 41284 35798 82995 87073 34358 94582 20827 87885 65535 64958 34913 26877 21601 35849 3361 75564 19140 98641 5771 97983 9876 69891 31789 78954 16383 68016 67123 61631 62322 39603 18233 180 83188 27819 64868 59732 88653 54892 28858 7352 55522 10532 74809 65779 91441 85067 89875 40203 4397 54930 53865 7574 17379 62165 9231 66878 94696 9800 92397 66838 57268 48610 61661 39576 40030 23439 97093
90610 90610 72694 74149 99670 87606 11270 9536 23553 46603 56736 76511 94494 48181 5183 32202 75456 59157 31585 7212 6296 24431 89702 54458 29841 33697 43156 44025 77731 48859 26050 92348 87384 26804 59127 57469 26528 29154 53953 12403 62070 3458 35695 74794 11775 9896 97476 77550 84351 74010 53778 83025 53486 8692 45170 27475 89321 77968 93260 74038 77510 7439 70025 65918 84229 73126 21931 1743 72103 45518 56406 44756 78528 35268 17755 15438 46977 5066 66323 82782 7685 23145 60021 70917 55137 47460 2517 76217 56989 75594 63487 4227 64923 20570 48700 88918 81425 87354 1984 50514
28126 28126 80327 99376 82016 53272 58168 99595 17048 27344 78944 33012 37020 20612 67395 91395 98379 13522 14999 57729 44804 54308 76521 58322 61481 81006 24992 86641 6950 387 61344 24292 11602 54227 44970 21798 5782 70698 29877 10836 4634 48620 18728 14993 29854 16568 37931 69758 35922 60980 88946 50716 52855 31090 34324 45864 61146 57497 96688 3829 29964 20746 45718 92580 43694 74898 42639 679 8065 52176 35918 26566 33949 42027 81241 9930 29418 31952 14053 59399 94385 42245 90242 4211 17739 58227 15601 6549 56841 74458 6267 24381 832 47632 13860 51583 10695 49798 6186 7902
66480 66480 491 40074 51842 4786 40332 41447 43884 34483 88441 89767 47862 83879 91863 52072 11047 34103 46751 31408 69714 21460 87762 60279 35522 87190 49856 24174 93906 26837 24258 1422 72522 72766 7227 35831 47268 61029 10075 11940 15573 2260 44441 18340 46020 91192 80019 11549 62421 79763 58540 26244 65348 75368 95025 42296 3534 41487 80950 625 20955 48416 75963 20818 10128 45424 74696 18177 86379 27222 81500 70847 89647 96380 60819 80926 18893 52834 22962 83807 34830 88447 96298 11999 81250 39272 7564 38102 42565 76913 38889 45334 33046 31174 43990 55081 15760 97175 70661 42425
60663 60663 7784 10570 9191 97352 27915 3982 15701 67678 15555 21162 85141 36854 70743 4233 46396 34849 71153 64750 9637 56465 9738 20228 76697 98854 22845 64115 45498 25767 33074 41737 43710 28028 85201 53504 90258 66134 46346 59352 5510 95739 73249 31224 9531 36799 35993 5067 9588 35984 95029 69544 63504 48444 63368 87351 16541 30057 16465 95791 82251 3497 3071 25904 23130 51194 62307 58770 70577 1844 38641 54126 61703 76358 37936 69315 52616 19467 34846 36905 93454 8257 34608 74362 89058 5813 67421 82398 68472 54801 76789 1738 78611 73325 94461 61830 30592 45588 46151 27729
38871 38871 48929 60425 36262 30149 66344 53839 69292 591 8665 71970 23907 73684 34702 94765 17422 54257 13854 56239 64847 76473 44028 73373 17807 67271 35836 29703 54979 42608 38375 73712 1170 84142 19343 93880 98796 53042 466 97469 73305 46506 16084 52289 42000 68051 43777 58888 65033 56256 41103 74074 69678 24751 15437 63388 2462 86489 76336 53044 65046 70662 82944 71719 75774 29673 22419 88810 54962 99233 26631 35802 70809 89011 32065 55748 94539 90023 34936 99399 24523 32650 10069 53421 25125 61092 34407 4205 41194 99497 31972 81761 9866 10390 49308 51522 6083 21133 62641 56374
38130 38130 4106 27516 67624 19434 25867 11832 63787 75554 62670 73082 7456 16751 75430 28297 60133 68649 75231 33880 24688 96072 41979 67967 51957 19898 25393 28544 77678 85878 61025 62657 59580 98731 4341 82107 2913 67428 94156 67713 13451 2188 23683 92620 73091 76559 21848 11401 62225 70883 39430 655 696 643 96133 50405 28840 13626 41226 45582 74746 6902 40080 92952 5100 72976 21841 40314 7281 46131 14630 38831 89815 97940 89026 57371 93374 15787 18750 66932 52921 57180 84117 42450 32235 79518 99675 14036 23712 13878 94974 77637 9346 98617 76013 61681 74590 76949 76992 85824
47419 47419 66635 34642 60834 18282 44691 88440 71923 77627 90452 53510 93716 90454 19809 64537 37634 42552 30287 13044 47273 30727 65388 2815 1830 53412 7601 6817 62552 51469 56179 64073 84682 23443 71085 12832 18229 94855 30230 39907 48306 12683 8185 64441 65704 80913 25205 20611 80586 67451 53932 50847 15757 27116 69948 90661 92804 93901 89127 39109 99714 66904 76829 89018 33992 37827 36291 28406 2778 34968 6399 41375 19979 27091 80992 82148 623 77422 64002 22290 43681 22601 44751 46132 92209 76649 74840 18931 73843 10217 46439 79088 98603 95692 50821 45117 75954 74859 70923 50289
33848 33848 28400 65879 74085 99454 12090 31249 60957 4970 30654 73340 22240 98942 18708 89300 4414 64047 48544 71855 21574 76276 55114 57142 61981 19852 31671 17464 48943 94095 78914 35752 29900 15408 132 48628 48240 6867 57524 77734 31862 33331 46945 64228 93683 72895 61988 40157 12496 7181 10269 40797 85551 56825 60393 82159 55946 58079 52133 37142 5890 89788 67805 72782 49138 19909 85192 59566 95660 28357 16008 46958 29831 95914 7524 754 52700 77113 37388 68183 17953 3893 71015 34857 96562 62949 4716 52675 29380 36793 1391 94110 48450 77988 67778 77563 49822 27434 68570 42758
41571 41571 2987 53864 14214 89727 16606 55271 24389 25954 15112 80553 12674 19671 20108 37939 95788 47769 48397 66347 87892 70253 3883 84689 21807 49727 64703 6551 24380 15477 68158 13800 14189 81455 38042 46535 70040 33399 444 3314 17225 63767 43015 12865 9962 33745 9861 73768 2452 37373 20246 5666 86208 38719 19222 77394 85893 3746 40219 27595 78529 2994 55224 84651 1295 1061 51143 46721 62326 75393 67987 63499 80246 96800 91862 36150 35299 17562 70586 53484 38379 54494 80106 95267 16198 14713 27154 37409 75115 1584 54167 54208 64728 28048 5398 25234 4585 63338 13352 49532
23208 23208 77739 58486 100 60243 26463 98981 85900 11639 17032 26392 72717 21979 9529 72873 7370 9272 71898 77054 34139 60958 34262 87176 71775 61587 39545 96643 37651 81626 99383 21838 17710 5633 19324 25526 90147 26362 7137 49403 72269 80695 27634 69488 51625 55299 75120 42273 85355 63797 87226 48064 88755 40163 58347 66873 56313 42995 78605 82756 96671 62951 55708 91211 55108 7579 65260 27119 11682 47231 36449 63562 48593 80997 10278 36591 6469 34339 54264 23530 33909 11065 99188 21526 26459 57329 62699 39264 85700 45397 35657 68402 99381 29587 24818 13695 71903 92995 60794 38341
48089 48089 64431 97064 88843 8549 6150 60172 44548 7274 1264 94170 74363 11841 57337 10645 13442 43158 13322 37890 19266 26955 99974 96629 26170 75883 28979 13613 60743 61074 92142 92472 11831 20591 56086 68444 29253 30596 25764 28898 71322 39420 93620 72857 71770 59660 74089 93896 44811 52268 67187 69092 61932 1275 74382 90008 99579 31366 99462 67672 96234 15560 57113 25683 11957 25518 26297 84843 5317 3140 32274 9609 64007 18382 12097 21459 54249 98057 79348 7774 51977 94911 18009 91135 34793 91133 36062 5252 64974 76119 64481 73530 56151 71928 21195 87192 78071 93945 89382 92208
20187 20187 18390 90070 74448 65874 21114 64226 59656 47841 40714 64756 99449 50998 4533 86330 70751 41842 10082 27084 56281 92827 77309 802 55667 54702 41861 97427 23808 33572 13231 45969 52388 46060 12846 18923 25902 83045 91017 8440 70987 29365 47364 89621 57260 51916 47543 69956 84185 60049 22253 14130 48063 69722 82815 67567 56940 31584 91159 47782 60183 37035 1924 68666 79242 80607 76544 24433 17052 96537 88166 78787 78332 49092 92126 38139 6863 81560 76416 74226 58504 12565 52382 54121 33289 93220 42567 8976 25431 40079 66868 77058 11714 8896 52211 49949 64891 20306 89747 77644
25230 25230 85765 57257 61217 56422 49692 23785 12916 46003 84878 58941 73165 95740 28215 72154 8897 17877 18800 97903 12613 56246 26736 35900 81439 6053 21457 87562 23190 33116 11975 88437 51248 10549 52723 14275 79923 86126 56229 51091 15168 76470 45408 28313 93317 28512 48635 66690 10346 66018 15944 42584 75292 62663 57894 14378 62474 88574 23321 77660 56431 50996 53134 37940 73686 1220 40368 57159 80396 52055 74629 24824 97912 44256 22064 36704 47817 36991 55422 85408 32189 14104 23319 90716 13152 46066 72007 68197 27142 2081 21448 26049 53731 81457 65582 37655 96256 70710 83288 25406
73432 73432 89419 35109 78261 44962 25339 57925 80959 23583 47368 73141 48156 22037 23966 10379 16229 61559 30134 60228 80121 85500 44696 43878 9242 62939 72561 55111 87569 86172 92256 65267 29816 17383 20229 10054 2930 27864 54079 41274 83143 94056 3462 70337 53605 75529 51581 33837 34880 21201 1153 8221 82958 16900 83791 47825 30956 95755 60269 61279 95502 61916 36646 36694 32648 19187 84140 62814 43315 31583 72447 30683 71365 43328 13300 12059 49474 12468 63063 86135 16903 11915 90267 94473 3184 49575 46648 29912 15479 87366 62310 83362 13627 71682 98945 42753 17139 21593 77842 40909
88938 88938 74550 78420 31177 84627 52557 69483 54606 31604 23856 94986 53876 30522 60860 8530 38361 24158 10464 41246 10061 66597 56202 1006 78801 20195 28295 51881 41202 97914 8641 51378 65987 96510 98186 26195 37676 8284 28455 48463 15321 95771 87378 31145 23632 38644 9311 65862 96519 59898 68862 82504 42779 78898 84624 56638 34170 20986 85747 76504 11113 90054 71276 39275 77427 35701 24868 40032 8719 55347 59591 16801 32091 41547 79292 38887 46347 18374 36332 79148 63143 19224 80454 18011 8262 64382 85081 36362 22657 74081 18362 24947 83445 79607 13353 89755 33954 31847 81432 24795
78674 78674 20810 87829 13905 16024 3304 82292 87025 7373 87092 91893 28427 9348 5159 58515 60836 47080 30222 70601 30463 28576 41166 58660 72602 87395 43167 88932 6290 8149 9957 55775 49385 87389 29678 6848 17709 51456 27563 95953 68003 20932 17999 9353 19751 34390 17187 83259 70968 7283 79911 8942 75516 34711 80896 56774 88953 35646 94390 52273 89999 68781 73544 30568 61731 50570 28986 31189 32565 99756 29195 79380 44207 57827 16607 13219 21634 57866 51333 47854 54616 76487 43439 75989 117 45707 73125 24128 4738 62673 81157 56417 71379 39815 25868 21735 35694 90678 54898 73849
9848 9848 70645 27564 98520 92825 42022 73763 73987 86692 9135 65842 527 61956 1812 10630 88496 25026 85681 52151 85941 85049 41021 89372 52713 30761 57543 5098 79085 20287 95231 88837 57521 22533 15164 54164 73154 14539 24893 65096 16930 44529 9804 79909 80309 47130 68064 47252 45894 16475 24130 26092 88277 29701 32153 42854 96982 84532 31825 68084 99901 56161 99144 85380 45438 35735 23135 39014 5513 5945 50135 976 96267 10892 81205 53538 55431 74375 88830 14135 49463 62687 15630 38832 6227 78735 16709 85731 97239 18775 91195 85118 15564 91200 3845 10434 79054 28411 63296 2814
23252 23252 32886 14915 43113 48466 67382 73782 72409 20263 90803 69466 82302 32432 56446 33262 87408 30559 29996 42807 27823 27187 35763 62390 77368 38806 77252 1739 79247 43497 29910 14148 53061 48725 78796 55087 8100 87610 60073 32659 60121 73130 32507 29108 2086 30369 7582 74980 71715 49749 69966 31210 70747 15262 90885 97571 84542 27252 64219 70198 14497 93056 4800 915 97205 49620 72612 90380 30589 28537 90260 65024 47950 55749 1449 67474 5077 43981 68739 83142 66747 55531 13496 52348 5308 59666 91296 42257 19635 17410 99960 83714 24617 5276 34522 83089 31243 71790 73543 36726
88591 88591 29287 95479 91825 97137 32893 25823 60891 48680 50873 26555 47602 18921 77202 83263 79167 76745 29152 43695 13600 5690 11241 9147 52479 2638 72814 10636 33859 54580 93725 39189 58958 20539 91206 15068 4232 26980 37353 48936 71819 35806 48587 13527 77187 73836 14546 33122 8374 93646 29548 50212 54349 32247 73747 30448 66341 68944 96296 16978 51458 95802 13154 65508 84750 21241 50110 15294 97745 74619 63196 49150 23206 12458 88480 52760 81917 19964 85318 31376 96142 94027 31410 59509 42498 66543 22481 41135 69036 36058 33489 91745 82679 84999 32619 58869 67849 57584 7815 40081
20148 20148 77864 44144 35170 39425 61702 30834 74593 85427 79568 87808 94418 43035 84146 82282 97614 37295 928 37555 48483 90589 16069 28847 20350 73458 85752 73210 83793 55874 39825 14022 35236 21108 56098 57424 28558 42255 15652 9065 44729 17966 60516 7060 87592 16810 43688 58950 83080 746 96446 86101 2337 8915 28627 51127 26830 56545 89804 39775 74737 94435 78983 37201 80334 58709 95820 96329 11044 89912 85706 13658 58339 46601 2933 90521 86720 1557 7545 61873 64784 71390 54095 87724 41261 46801 97507 67051 28240 91057 83565 12473 85852 31618 92294 59163 67016 44610 48788 198
82095 82095 68586 30365 45356 1272 89136 18792 45210 6258 16846 71662 16657 88767 44182 37218 50631 2736 41449 52377 25923 9934 94640 30281 97094 41319 54105 93169 42717 44603 2176 61851 21673 14992 49265 16648 86900 74376 666 84520 73167 24173 18991 73837 9731 98409 33798 96497 88956 63541 28063 4485 52507 78403 26841 86300 9407 96362 51034 60693 21166 14589 32861 76081 17645 54756 83973 35386 75651 31713 99830 55148 84052 58265 89498 55504 554 40654 54662 49182 21464 79619 83902 49998 77611 84124 36156 78424 6440 84070 96528 60517 80096 66156 86529 9557 79530 27647 74963 40315
36541 36541 32608 23395 21880 87667 92607 91385 84899 35628 71116 92516 89013 80851 38939 21575 6792 69816 83935 12552 44651 28083 96606 30942 5726 21424 67387 32394 39492 59912 55826 7576 55989 61479 29739 87857 27018 89542 43054 13221 48109 12104 55085 46511 27859 8138 15559 2062 11585 3194 91552 54038 63604 38657 66170 57378 47107 68116 43419 51727 36035 7904 79849 99566 84379 72930 12662 97209 64168 78590 78966 89033 40373 40687 40186 94369 37980 81952 13746 39503 64720 92819 16775 67879 62666 37333 16305 18208 50662 77297 83377 47222 70110 13643 69980 42253 61595 84746 59405 83558
22215 22215 3151 17926 55335 87112 58849 5046 67154 28740 19584 36223 74194 40725 69875 97109 10361 8162 85531 45497 94573 37266 99044 64263 74884 19945 52501 84483 97866 12609 73170 90949 62929 18140 19463 5201 43568 14862 98872 25214 78546 8618 18984 6346 16074 74124 50930 45729 31634 91621 69627 58221 70533 77763 57568 19446 48701 40061 83392 39664 49061 79720 96991 99036 99319 22172 7499 11848 39125 28541 58346 7765 57458 59759 92479 15598 48459 62009 80199 14375 93930 18389 48527 10458 47161 3878 55216 78700 24296 97102 820 96331 46187 2069 88348 77075 14332 8916 41812 50439
93019 93019 65077 69548 30564 25629 95828 4656 58853 39688 80621 57956 30434 69262 49386 78125 25382 43822 30253 77848 40084 84560 46884 237 80379 1451 28708 79079 51610 47307 32699 79168 27400 88024 42867 68025 6281 64590 98369 41788 29812 96264 52534 75208 17685 38520 7917 82829 70281 57131 17598 68093 95277 2739 19816 65251 8824 44662 73149 60733 91998 70558 59713 63156 60755 71309 11872 4345 76264 50913 84370 17029 11307 43721 30556 6426 71140 18173 49767 39196 88777 46895 6547 60430 93334 1099 1258 13094 45353 42246 86669 4114 77234 57852 84792 3178 48325 11657 94380 14092
93102 93102 32025 905 53373 11900 14881 4025 66666 52931 80615 27391 76058 60167 49177 91301 25910 40798 93295 88881 86009 62123 19595 96228 11776 77028 50239 64103 64582 2093 3086 14674 59259 94794 34882 71088 74013 82531 42168 96282 32803 75345 2799 59992 16102 88972 98598 5512 31895 57410 64947 72725 37888 16004 90063 62382 95243 29524 45273 54344 99007 82304 97873 9125 81579 87809 79743 23490 1224 5455 45857 90794 76177 12007 52964 1887 21922 8999 22188 80840 41673 42291 51941 14542 29995 90845 33736 91214 74095 13082 26068 34040 80202 51822 27107 99928 76295 61116 70501 14166
